English,Bengali
Abort,গর্ভপাত
Abort timer,গর্ভপাত টাইমার
Absolute address,পরম ঠিকানা
Absolute addressing,পরম ঠিকানা
Absolute assembler,পরম এসেম্বলার
Absolute code,পরম কোড
Absolute coding,পরম কোডিং
Absolute command,পরম কমান্ড
Absolute coordinate,পরম সমন্বয়
Absolute data,পরম ডেটা
Absolute error,পরম ত্রুটি
Absolute expression,পরম অভিব্যক্তি
Absolute instruction,পরম নির্দেশ
Absolute loader,পরম লোডার
Absolute order,পরম আদেশ
Absolute programming,পরম প্রোগ্রামিং
Absolute term,পরম শব্দ
Absolute value,পরম মান
Absolute vector,পরম ভেক্টর
Abstract,বিমূর্ত
Abstracting,বিমূর্ত
Abstract symbol,বিমূর্ত প্রতীক
Acceleration period,ত্বরণ সময়কাল
Acceleration time,ত্বরণের সময়
Accent,অ্যাকসেন্ট
Acceptance test,স্বীকৃতি পরীক্ষা
Access,অ্যাক্সেস
Access arm,অ্যাক্সেস আর্ম
Access arrangement,অ্যাক্সেস ব্যবস্থা
Access authority,অ্যাক্সেস কর্তৃপক্ষ
Access charge,অ্যাক্সেস চার্জ
Access class,অ্যাক্সেস ক্লাস
Access data base management,অ্যাক্সেস ডেটা বেস ম্যানেজমেন্ট
Access environment,অ্যাক্সেস পরিবেশ
Access gap,অ্যাক্সেস ফাঁক
Access index,অ্যাক্সেস সূচক
Access line,অ্যাক্সেস লাইন
Access mechanism,অ্যাক্সেস প্রক্রিয়া
Access method,অ্যাক্সেস পদ্ধতি
Access method routine,অ্যাক্সেস পদ্ধতির রুটিন
Access mode,অ্যাক্সেস মোড
Access right,এক্সেস অধিকার
Access scan,অ্যাক্সেস স্ক্যান
Access time,প্রবেশাধিকার সময়
Accounting,অ্যাকাউন্টিং
Accounting finance system,অ্যাকাউন্টিং ফিনান্স সিস্টেম
Accounting machine,অ্যাকাউন্টিং মেশিন
Account number,হিসাব নাম্বার
Accumulating reproducer,প্রজননকারী জমে
Accumulator,জমে
Accumulator register,সংগ্রহকারী রেজিস্টার
Accumulator shift instruction,সংগ্রহকারী শিফট নির্দেশনা
Accuracy,সঠিকতা
Accuracy control character,নির্ভুলতা নিয়ন্ত্রণ চরিত্র
Accuracy control system,নির্ভুলতা নিয়ন্ত্রণ ব্যবস্থা
Ace pilot,এস পাইলট
Acknowledge character,চরিত্র স্বীকৃতি
Acoustic coupler,অ্যাকোস্টিক কাপলার
Acoustic coupling,অ্যাকোস্টিক কাপলিং
Acoustic delay line,অ্যাকোস্টিক বিলম্ব লাইন
Acoustic memory,অ্যাকোস্টিক মেমরি
Acoustic modem,অ্যাকোস্টিক মডেম
Acoustic signal,অ্যাকোস্টিক সিগন্যাল
Acoustic storage,অ্যাকোস্টিক স্টোরেজ
Acronym,সংক্ষিপ্ত বিবরণ
Action,কর্ম
Action cycle,অ্যাকশন চক্র
Action line,অ্যাকশন লাইন
Action message,অ্যাকশন বার্তা
Action specification,ক্রিয়া স্পেসিফিকেশন
Activation,অ্যাক্টিভেশন
Active,সক্রিয়
Active file,সক্রিয় ফাইল
Active line,সক্রিয় লাইন
Active link,সক্রিয় লিঙ্ক
Active master file,সক্রিয় মাস্টার ফাইল
Active master item,সক্রিয় মাস্টার আইটেম
Active satellite,সক্রিয় স্যাটেলাইট
Active station,সক্রিয় স্টেশন
Active storage,সক্রিয় স্টোরেজ
Activity,ক্রিয়াকলাপ
Activity level,কর্মকান্ডের পর্যায়
Activity loading,ক্রিয়াকলাপ লোড হচ্ছে
Activity ratio,ক্রিয়াকলাপ অনুপাত
Actual address (=absolute address),আসল ঠিকানা (= পরম ঠিকানা)
Actual code (=absolute code),আসল কোড (= পরম কোড)
Actual data transfer rate,প্রকৃত ডেটা স্থানান্তর হার
Actual decimal point,আসল দশমিক পয়েন্ট
Actual instruction (=effective instruction),প্রকৃত নির্দেশ (= কার্যকর নির্দেশ)
Actual key,আসল কী
Actual time,প্রকৃত সময়
Actual work time,আসল কাজের সময়
Actuating signal,অ্যাকিউটিং সিগন্যাল
Adaptability,অভিযোজনযোগ্যতা
Adapter,অ্যাডাপ্টার
Adaptive channel allocation,অভিযোজিত চ্যানেল বরাদ্দ
Adaptive integration,অভিযোজিত সংহতকরণ
Adaptive transversal equalizer,অভিযোজিত ট্রান্সভার্সাল ইকুয়ালাইজার
Added entry,যুক্ত এন্ট্রি
Addend,সংযোজন
Adder,সংযোজন
Adder subtracter,অ্যাডার সাবট্র্যাক্টর
Add file,ফাইল যুক্ত কর
Additional character (= special character),অতিরিক্ত চরিত্র (= বিশেষ চরিত্র)
Addition recorder,সংযোজন রেকর্ডার
Addition table,সংযোজন টেবিল
Additive attribute,সংযোজন বৈশিষ্ট্য
Add mode,মোড যুক্ত করুন
Add operation,অপারেশন যুক্ত করুন
Address,ঠিকানা
Addressability measure,ঠিকানা পরিমাপ
Addressable horizontal position,ঠিকানাযোগ্য অনুভূমিক অবস্থান
Addressable point,ঠিকানাযোগ্য পয়েন্ট
Addressable position,ঠিকানাযোগ্য অবস্থান
Addressable register,ঠিকানাযোগ্য নিবন্ধ
Addressable storage,ঠিকানাযোগ্য স্টোরেজ
Addressable vertical position,ঠিকানাযোগ্য উল্লম্ব অবস্থান
Address bus,ঠিকানা বাস
Address code,ঠিকানা কোড
Address comparator,ঠিকানা তুলনামূলক
Address computation,ঠিকানা গণনা
Address constant,ধ্রুবক ঠিকানা
Address conversion,ঠিকানা রূপান্তর
Address data,ঠিকানা ডেটা
Addressed memory,সম্বোধন স্মৃতি
Address effective,ঠিকানা কার্যকর
Address field,ঠিকানা ক্ষেত্র
Address format,ঠিকানা ফর্ম্যাট
Address free program,ঠিকানা বিনামূল্যে প্রোগ্রাম
Addressing,সম্বোধন
"Addressing
 Character","সম্বোধন
 চরিত্র"
Addressing interrupt,বাধা সম্বোধন
Addressing loop,লুপ সম্বোধন
Addressing virtual memory,ভার্চুয়াল মেমরি সম্বোধন
Address interlacing,ঠিকানা ইন্টারল্যাকিং
Addressless instruction format,ঠিকানাহীন নির্দেশাবলী ফর্ম্যাট
Address line,ঠিকানা লাইন
Address mapping,ঠিকানা ম্যাপিং
Address mark,ঠিকানা চিহ্ন
Address modification,ঠিকানা পরিবর্তন
Address part,ঠিকানা অংশ
Address pointer,ঠিকানা পয়েন্টার
Address register,ঠিকানা রেজিস্টার
Address signal,ঠিকানা সংকেত
Address size,ঠিকানা আকার
Address space,ঠিকানা স্থান
Address space identifier,ঠিকানা স্পেস আইডেন্টিফায়ার
Address stop,ঠিকানা স্টপ
Address trace,ঠিকানা ট্রেস
Address track,ঠিকানা ট্র্যাক
Address translation,ঠিকানা অনুবাদ
Address translator,ঠিকানা অনুবাদক
Add-subtract time,বিয়োগের সময় যোগ করুন
Add time,সময় যোগ করুন
Adjacency,সংলগ্নতা
Adjacency structure,সংলগ্ন কাঠামো
Adjacent channel,সংলগ্ন চ্যানেল
Adjacent domain,সংলগ্ন ডোমেন
Adjacent matrix,সংলগ্ন ম্যাট্রিক্স
Adjacent node,সংলগ্ন নোড
Adjacent subarea,সংলগ্ন সুবেরিয়া
Adjoint (system),স্থগিত (সিস্টেম)
Adjust,সামঞ্জস্য করুন
Adjustable extent,সামঞ্জস্যযোগ্য মাত্রা
Adjust text mode,পাঠ্য মোড সামঞ্জস্য করুন
Administrative data processing,প্রশাসনিক ডেটা প্রসেসিং
Administrative operation,প্রশাসনিক অপারেশন
Administrative operator,প্রশাসনিক অপারেটর
Administrative operator station,প্রশাসনিক অপারেটর স্টেশন
Administrative support system,প্রশাসনিক সহায়তা সিস্টেম
Advanced communication service,উন্নত যোগাযোগ পরিষেবা
Advanced information system,উন্নত তথ্য সিস্টেম
Advanced optical character reader,উন্নত অপটিক্যাল চরিত্র পাঠক
Advanced scientific computer,উন্নত বৈজ্ঞানিক কম্পিউটার
Aerial,এরিয়াল
Aggregate,সমষ্টি
Aggregate expression,সামগ্রিক অভিব্যক্তি
Aiming circle,লক্ষ্য বৃত্ত
Aiming field (= aiming symbol),লক্ষ্য ক্ষেত্র (= লক্ষ্য প্রতীক)
Aiming symbol,লক্ষ্য প্রতীক
Airborne computer system,বায়ুবাহিত কম্পিউটার সিস্টেম
Algebraic eigenvalue problem,বীজগণিত ইগেনভ্যালু সমস্যা
"Algebraic
 Integration","বীজগণিত
 মিশ্রণ"
Algebraic language,বীজগণিত ভাষা
Algebraic manipulation,বীজগণিত হেরফের
Algebraic manipulation language,বীজগণিত ম্যানিপুলেশন ভাষা
Algebraic oriented language,বীজগণিতমুখী ভাষা
Algebraic shift,বীজগণিত শিফট
Algebraic sign convention,বীজগণিত সাইন কনভেনশন
Algol,অ্যালগল
Algol feature,অ্যালগল বৈশিষ্ট্য
Algol Programming,অ্যালগল প্রোগ্রামিং
Algorithm,অ্যালগরিদম
Algorithm associative language,অ্যালগরিদম সহযোগী ভাষা
Algorithm classification,অ্যালগরিদম শ্রেণিবিন্যাস
Algorithm complexity,অ্যালগরিদম জটিলতা
Algorithm computability,অ্যালগরিদম গণনাযোগ্যতা
Algorithmic analysis,অ্যালগরিদমিক বিশ্লেষণ
Algorithmic approach,অ্যালগরিদমিক পদ্ধতির
Algorithmic language,অ্যালগরিদমিক ভাষা
Algorithmic routine,অ্যালগরিদমিক রুটিন
Algorithmic theory,অ্যালগরিদমিক তত্ত্ব
Alias,ওরফে
Aliasing,এলিয়াসিং
Alias name (= alternative name),ওরফে নাম (= বিকল্প নাম)
Alignment,প্রান্তিককরণ
Allocate,বরাদ্দ
Allocation structure,বরাদ্দ কাঠামো
All-purpose computer,সমস্ত উদ্দেশ্যমূলক কম্পিউটার
Alphabetic character,বর্ণমালা চরিত্র
Alphabetic character set,বর্ণমালা চরিত্র সেট
Alphabetic character subset,বর্ণমালা চরিত্রের সাবসেট
Alphabetic code,বর্ণমালা কোড
Alphabetic shift,বর্ণমালা শিফট
Alphabetic string,বর্ণমালা স্ট্রিং
Alphabetic word,বর্ণমালা শব্দ
Alphabetization,বর্ণমালা
Alphageometrics,আলফেজোমেট্রিক্স
Alphameric,বর্ণমালা
Alphamosaic,আলফামোসাইক
Alphanumeric,বর্ণমালা
Alphanumerical keyboard device,আলফানুমারিকাল কীবোর্ড ডিভাইস
Alphanumeric character set,আলফানিউমেরিক চরিত্র সেট
Alphanumeric code,আলফানিউমেরিক কোড
Alphanumeric coded character set,আলফানিউমেরিক কোডেড চরিত্র সেট
Alphanumeric data,আলফানিউমেরিক ডেটা
Alphanumeric display device,আলফানিউমেরিক ডিসপ্লে ডিভাইস
Alphanumeric edited character,আলফানিউমেরিক সম্পাদিত চরিত্র
Alphanumeric field,আলফানিউমেরিক ফিল্ড
Alphanumeric instruction,বর্ণমালা নির্দেশ
Alphanumeric keyboard,আলফানিউমেরিক কীবোর্ড
Alphanumeric sort,আলফানিউমেরিক বাছাই
Alphanumeric storage,আলফানিউমেরিক স্টোরেজ
Alterable memory,পরিবর্তনযোগ্য মেমরি
Alteration switch,পরিবর্তন সুইচ
Altering,পরিবর্তন
Alter mode,পরিবর্তন মোড
Alternate recovery,বিকল্প পুনরুদ্ধার
Alternate route,বিকল্প রুট
Alternate routing,বিকল্প রাউটিং
Alternate track,বিকল্প ট্র্যাক
Alternation (= OR operation),বিকল্প (= বা অপারেশন)
Alternative attribute,বিকল্প বৈশিষ্ট্য
Alternative denial (= NOT-AND operation),বিকল্প অস্বীকার (= না-অপারেশন)
Ambiguity error,অস্পষ্টতা ত্রুটি
Ambiguous reference,অস্পষ্ট রেফারেন্স
Analog,অ্যানালগ
Analog adder,অ্যানালগ অ্যাডার
Analog channel,অ্যানালগ চ্যানেল
Analog computer,অ্যানালগ কম্পিউটার
Analog converter,অ্যানালগ রূপান্তরকারী
Analog data,অ্যানালগ ডেটা
Analog divider,অ্যানালগ বিভাজক
Analog facility terminal,অ্যানালগ সুবিধা টার্মিনাল
"Analog function
 Generator","অ্যানালগ ফাংশন
 জেনারেটর"
Analog integration,অ্যানালগ ইন্টিগ্রেশন
Analog multiplier,অ্যানালগ গুণক
Analog programming,অ্যানালগ প্রোগ্রামিং
Analog scaling,অ্যানালগ স্কেলিং
Analog signal,এনালগ সংকেত
Analog simulation,অ্যানালগ সিমুলেশন
Analog switch,অ্যানালগ সুইচ
Analog system,অ্যানালগ সিস্টেম
"Analog to digital
 Converter","ডিজিটাল অ্যানালগ
 রূপান্তরকারী"
"Analog to digital
 Encoder","ডিজিটাল অ্যানালগ
 এনকোডার"
Analog transmission,অ্যানালগ সংক্রমণ
Analog type,অ্যানালগ প্রকার
Analysis block,বিশ্লেষণ ব্লক
Analysis mode,বিশ্লেষণ মোড
Analytical engine,বিশ্লেষণাত্মক ইঞ্জিন
Ancestral task,পৈতৃক কাজ
Ancillary equipment,আনুষঙ্গিক সরঞ্জাম
AND,এবং
AND circuit,এবং সার্কিট
AND element,এবং উপাদান
AND gate,এবং গেট
AND masking,এবং মাস্কিং
AND NOT operation (=exclusion,এবং অপারেশন নয় (= বর্জন
AND operation,এবং অপারেশন
Annex memory,সংযুক্তি স্মৃতি
Annotation,টীকা
Annunciator,ঘোষণা
Answer back,উত্তর পাঠাও
Answer delay,উত্তর দেরি
Answering time,উত্তর সময়
Answer lamp,উত্তর প্রদীপ
Answer list,উত্তর তালিকা
Answer only,শুধুমাত্র উত্তর
Anticipation mode,প্রত্যাশা মোড
Anticipatory buffering,প্রত্যাশিত বাফারিং
Anticipatory carry,প্রত্যাশিত বহন
Anticipatory paging,প্রত্যাশিত পেজিং
Anticoincidence operation,অ্যান্টিকোয়েনসেন্স অপারেশন
Anticoincident element,অ্যান্টিকোইনসেন্টেন্ট উপাদান
Aperiodic antenna,অ্যাপেরিওডিক অ্যান্টেনা
Aperture card,অ্যাপারচার কার্ড
Aperture code,অ্যাপারচার কোড
Aperture time,অ্যাপারচার সময়
Appendage,সংযোজন
Appendage task,অ্যাপেন্ডেজ টাস্ক
Application developer,অ্যাপ্লিকেশন ডেভেলপার
Application layer,আবেদন স্তর
Application oriented language,অ্যাপ্লিকেশন ভিত্তিক ভাষা
Application package,অ্যাপ্লিকেশন প্যাকেজ
Application program,এপ্লিকেশন প্রোগ্রাম
Application programming,অ্যাপ্লিকেশন প্রোগ্রামিং
Application required language,অ্যাপ্লিকেশন প্রয়োজনীয় ভাষা
Application software,অ্যাপ্লিকেশন সফ্টওয়্যার
Applique,অ্যাপ্লিক
Approximation theory,আনুমানিক তত্ত্ব
Arbitrary access,স্বেচ্ছাসেবী অ্যাক্সেস
Arbitrary sequence computer,স্বেচ্ছাসেবী সিকোয়েন্স কম্পিউটার
Arbitration,সালিশ
Architecture,আর্কিটেকচার
Archiving,সংরক্ষণাগার
Area code,এরিয়া কোড
Area search,অঞ্চল অনুসন্ধান
Area transfer,অঞ্চল স্থানান্তর
Area variable,অঞ্চল পরিবর্তনশীল
Argument,যুক্তি
Argument address,যুক্তি ঠিকানা
Argument list,যুক্তি তালিকা
Arithmetical instruction,গাণিতিক নির্দেশ
Arithmetic and logic unit,গাণিতিক এবং যুক্তি ইউনিট
Arithmetic assignment statement,গাণিতিক অ্যাসাইনমেন্ট বিবৃতি
Arithmetic check,গাণিতিক চেক
Arithmetic constant,পাটিগণিত ধ্রুবক
Arithmetic conversion,গাণিতিক রূপান্তর
Arithmetic data,গাণিতিক ডেটা
Arithmetic exception,পাটিগণিত ব্যতিক্রম
Arithmetic expression,গাণিতিক অভিব্যক্তি
Arithmetic fixed point,গাণিতিক স্থির পয়েন্ট
Arithmetic hierarchy,পাটিগণিত শ্রেণিবিন্যাস
Arithmetic IF statement,বিবৃতি যদি গাণিতিক
Arithmetic logic,গাণিতিক যুক্তি
Arithmetic logic unit,গাণিতিক যুক্তি ইউনিট
Arithmetic operation,পাটিগণিত অপারেশন
Arithmetic operator,পাটিগণিত অপারেটর
Arithmetic overflow,পাটিগণিত ওভারফ্লো
Arithmetic picture data,গাণিতিক ছবির ডেটা
Arithmetic precedence,গাণিতিক অগ্রাধিকার
Arithmetic primary,গাণিতিক প্রাথমিক
Arithmetic register,গাণিতিক নিবন্ধ
Arithmetic relation,গাণিতিক সম্পর্ক
Arithmetic scan,গাণিতিক স্ক্যান
Arithmetic section,গাণিতিক বিভাগ
Arithmetic shift,গাণিতিক শিফট
Arithmetic shifting,গাণিতিক স্থানান্তর
Arithmetic statement,পাটিগণিত বিবৃতি
Arithmetic term,গাণিতিক শব্দ
Arithmetic underflow,পাটিগণিত আন্ডারফ্লো
Arithmetic unit,গাণিতিক ইউনিট
Array,অ্যারে
Array bound,অ্যারে বাউন্ড
Array computer,অ্যারে কম্পিউটার
Array dimension,অ্যারে মাত্রা
Array element,অ্যারে উপাদান
Array expression,অ্যারে এক্সপ্রেশন
Array name,অ্যারের নাম
Array of structures,কাঠামোর অ্যারে
Array printing,অ্যারে প্রিন্টিং
Array processing,অ্যারে প্রসেসিং
Array processor,অ্যারে প্রসেসর
Articulation point,বক্তৃতা পয়েন্ট
Artificial cognition,কৃত্রিম জ্ঞান
Artificial intelligence,কৃত্রিম বুদ্ধিমত্তা
Artificial language,কৃত্রিম ভাষা
Artificial variable,কৃত্রিম পরিবর্তনশীল
Arts application data bank,আর্টস অ্যাপ্লিকেশন ডেটা ব্যাংক
Arts application music,আর্টস অ্যাপ্লিকেশন সংগীত
Arts application pattern generation,আর্টস অ্যাপ্লিকেশন প্যাটার্ন জেনারেশন
Ascender,আরোহী
Ascending sort,আরোহী বাছাই
ASCIL,Ascil
ASCII control character,ASCII নিয়ন্ত্রণ চরিত্র
ASCII key board,ASCII কী বোর্ড
Aspect,দিক
Aspect and,দিক এবং
Assemble,একত্রিত করা
Assembled origin,একত্রিত উত্স
Assemble duration,সময়কাল একত্রিত করুন
Assembler,এসেম্বলার
Assembler directive,এসেম্বলার ডাইরেক্টিভ
Assembler facility,এসেম্বলার সুবিধা
Assembler language,এসেম্বলার ভাষা
Assembling,একত্রিত
Assembling phase,সমাবেশ পর্ব
Assembling time,সময় একত্রিত
Assembly,সমাবেশ
Assembly language,এসেম্বলি
Assembly language programming,অ্যাসেম্বলি ল্যাঙ্গুয়েজ প্রোগ্রামিং
Assembly language software flexibility,সমাবেশ ভাষা সফ্টওয়্যার নমনীয়তা
Assembly listing,সমাবেশ তালিকা
Assembly phase,সমাবেশ পর্ব
Assembly routine,সমাবেশ রুটিন
Assembly time,সমাবেশ সময়
Assembly unit,সমাবেশ ইউনিট
Assignment indexing,অ্যাসাইনমেন্ট ইনডেক্সিং
Assignment operation,অ্যাসাইনমেন্ট অপারেশন
Assignment statement,নিয়োগ বিবৃতি
Associative address,সহযোগী ঠিকানা
Associative array register,সহযোগী অ্যারে রেজিস্টার
Associative key,সহযোগী কী
Associative language,সহযোগী ভাষা
Associative memory,সহযোগী স্মৃতি
Associative storage,সহযোগী স্টোরেজ
Assumed decimal point,দশমিক বিন্দু ধরে নেওয়া
Asymmetric device,অসমমিত ডিভাইস
Asymmetric i/o,অসমমিত আই/ও
Asynchronous,অ্যাসিঙ্ক্রোনাস
Asynchronous computer,অ্যাসিঙ্ক্রোনাস কম্পিউটার
Asynchronous data transfer,অ্যাসিঙ্ক্রোনাস ডেটা ট্রান্সফার
Asynchronous data transmission,অ্যাসিঙ্ক্রোনাস ডেটা ট্রান্সমিশন
Asynchronous devices,অ্যাসিঙ্ক্রোনাস ডিভাইস
Asynchronous operation,অ্যাসিঙ্ক্রোনাস অপারেশন
Asynchronous signalling,অ্যাসিঙ্ক্রোনাস সিগন্যালিং
Asynchronous time division multiplexing,অ্যাসিঙ্ক্রোনাস সময় বিভাগ মাল্টিপ্লেক্সিং
Asynchronous transmission,অ্যাসিঙ্ক্রোনাস ট্রান্সমিশন
Asynchronous working,অ্যাসিঙ্ক্রোনাস ওয়ার্কিং
Attached processing,সংযুক্ত প্রক্রিয়াজাতকরণ
Attached processor,সংযুক্ত প্রসেসর
Attached support processor,সংযুক্ত সমর্থন প্রসেসর
Attended operation,অপারেশন উপস্থিত
Attended trail printer,ট্রেল প্রিন্টারে অংশ নিয়েছেন
Attention interruption,মনোযোগ বাধা
Attention key,মনোযোগ কী
Attenuation,মনোযোগ
Attenuation constant,অবিচ্ছিন্ন ধ্রুবক
Attenuation distortion,মনোযোগ বিকৃতি
Attenuation equalizer,মনোযোগ সমতুল্য
Attenuator,অ্যাটেনুয়েটর
Attribute,বৈশিষ্ট্য
Audible alarm,শ্রাবণ অ্যালার্ম
Audio cassette,অডিও ক্যাসেট
Audio enquiry,অডিও তদন্ত
Audio line,অডিও লাইন
Audio response,অডিও প্রতিক্রিয়া
Audio response message,অডিও প্রতিক্রিয়া বার্তা
Audio response unit,অডিও প্রতিক্রিয়া ইউনিট
Audiotape storage unit,অডিওটেপ স্টোরেজ ইউনিট
Audio telecommunication line,অডিও টেলিযোগাযোগ লাইন
Audio terminal,অডিও টার্মিনাল
Audit command language,অডিট কমান্ড ভাষা
Audit programming,অডিট প্রোগ্রামিং
Audit trail,নিরীক্ষা পথ
Augend,অগেন্ড
Augment,অগমেন্ট
Augmenter,অগমেন্টার
Author,লেখক
Authoring,অনুমোদন
Authoring system,অনুমোদন ব্যবস্থা
Authority,কর্তৃপক্ষ
Authorization code,অনুমোদন কোড
Authorized library,অনুমোদিত গ্রন্থাগার
Authorized program,অনুমোদিত প্রোগ্রাম
Authorized program facility,অনুমোদিত প্রোগ্রাম সুবিধা
Auto abstract,অটো অ্যাবস্ট্রাক্ট
Autoanswer,স্বয়ংক্রিয় উত্তর
Auto booting,অটো বুটিং
Auto bypass,অটো বাইপাস
Auto call (=automatic calling),অটো কল (= স্বয়ংক্রিয় কলিং)
Auto coder,অটো কোডার
Auto dial,স্বয়ংক্রিয় কল
Autoflow,অটোফ্লো
Auto index,অটো সূচক
Auto indexed addressing,অটো ইনডেক্সড অ্যাড্রেসিং
Automata,অটোমেটা
Automata theory,অটোমেটা তত্ত্ব
Automata type,অটোমেটা টাইপ
Automated bibliography,স্বয়ংক্রিয় গ্রন্থপঞ্জি
Automated data medium,স্বয়ংক্রিয় ডেটা মিডিয়াম
Automated dictionary,স্বয়ংক্রিয় অভিধান
Automated glossary,স্বয়ংক্রিয় শব্দকোষ
Automated logic diagram,স্বয়ংক্রিয় লজিক ডায়াগ্রাম
Automated management,স্বয়ংক্রিয় ব্যবস্থাপনা
Automated production management,স্বয়ংক্রিয় উত্পাদন ব্যবস্থাপনা
Automated stock control,স্বয়ংক্রিয় স্টক নিয়ন্ত্রণ
Automatic abstract,স্বয়ংক্রিয় বিমূর্ত
Automatic abstracting,স্বয়ংক্রিয় বিমূর্ততা
Automatically programmed tools,স্বয়ংক্রিয়ভাবে প্রোগ্রাম করা সরঞ্জাম
Automatic answering,স্বয়ংক্রিয় উত্তর
Automatic call distributor,স্বয়ংক্রিয় কল বিতরণকারী
Automatic calling,স্বয়ংক্রিয় কলিং
Automatic check,স্বয়ংক্রিয় চেক
Automatic coding,স্বয়ংক্রিয় কোডিং
Automatic computing,স্বয়ংক্রিয় কম্পিউটিং
Automatic computing engine,স্বয়ংক্রিয় কম্পিউটিং ইঞ্জিন
Automatic constant,স্বয়ংক্রিয় ধ্রুবক
Automatic control engineering,স্বয়ংক্রিয় নিয়ন্ত্রণ ইঞ্জিনিয়ারিং
Automatic data processing,স্বয়ংক্রিয় ডেটা প্রসেসিং
Automatic data processing system,স্বয়ংক্রিয় ডেটা প্রসেসিং সিস্টেম
Automatic decimal alignment,স্বয়ংক্রিয় দশমিক প্রান্তিককরণ
Automatic dialing unit,স্বয়ংক্রিয় ডায়ালিং ইউনিট
Automatic dictionary,স্বয়ংক্রিয় অভিধান
Automatic equalization,স্বয়ংক্রিয় সমতা
Automatic error correction,স্বয়ংক্রিয় ত্রুটি সংশোধন
Automatic feed punch,স্বয়ংক্রিয় ফিড পাঞ্চ
Automatic function,স্বয়ংক্রিয় ফাংশন
Automatic indexing,স্বয়ংক্রিয় সূচক
Automatic library call,স্বয়ংক্রিয় গ্রন্থাগার কল
Automatic message accounting,স্বয়ংক্রিয় বার্তা অ্যাকাউন্টিং
Automatic number identification,স্বয়ংক্রিয় সংখ্যা সনাক্তকরণ
Automatic pagination,স্বয়ংক্রিয় পৃষ্ঠা
Automatic programming,স্বয়ংক্রিয় প্রোগ্রামিং
Automatic punch,স্বয়ংক্রিয় পাঞ্চ
Automatic recovery program,স্বয়ংক্রিয় পুনরুদ্ধার প্রোগ্রাম
Automatic repeat request,স্বয়ংক্রিয় পুনরাবৃত্তি অনুরোধ
Automatic restart,স্বয়ংক্রিয় পুনঃসূচনা
Automatic routine,স্বয়ংক্রিয় রুটিন
Automatic sequencing,স্বয়ংক্রিয় সিকোয়েন্সিং
Automatic sequential operation,স্বয়ংক্রিয় ক্রমিক অপারেশন
Automatic stop,স্বয়ংক্রিয় স্টপ
Automatic variable,স্বয়ংক্রিয় পরিবর্তনশীল
Automatic volume recognition,স্বয়ংক্রিয় ভলিউম স্বীকৃতি
Automatic volume switching,স্বয়ংক্রিয় ভলিউম স্যুইচিং
Automation,অটোমেশন
Automation concept,অটোমেশন ধারণা
Automatisation,স্বয়ংক্রিয়করণ
Automaton,অটোমেটন
Automatic message routing,স্বয়ংক্রিয় বার্তা রাউটিং
Automoniter,অটোমোনিটার
Automoniter routine,অটোমোনিটার রুটিন
Autonomous channel operation,স্বায়ত্তশাসিত চ্যানেল অপারেশন
Autonomous working,স্বায়ত্তশাসিত কাজ
Autoplotter,অটোপ্লোটার
Auxiliary console,সহায়ক কনসোল
Auxiliary equipment,সহায়ক সরঞ্জাম
Auxiliary memory,সহায়ক স্মৃতি
Auxiliary operation,সহায়ক অপারেশন
Auxiliary routine,সহায়ক রুটিন
Auxiliary storage,সহায়ক স্টোরেজ
Auxiliary store,সহায়ক স্টোর
Availability,উপস্থিতি
Available machine time,উপলভ্য মেশিন সময়
Available point,উপলভ্য পয়েন্ট
Available space list,উপলভ্য স্থান তালিকা
Available time,উপলব্ধ সময়
Available access time,উপলব্ধ অ্যাক্সেস সময়
Average conditional information,গড় শর্তাধীন তথ্য
Average edge time,গড় প্রান্ত সময়
Average information content,গড় তথ্য সামগ্রী
Average information rate,গড় তথ্য হার
Average transinformation content,গড় ট্রান্সিনফর্মেশন সামগ্রী
Average transinformation rate,গড় ট্রান্সিনফর্মেশন হার
"Background display image (= static display
 Image)","পটভূমি প্রদর্শন চিত্র (= স্ট্যাটিক ডিসপ্লে
 চিত্র)"
Backgrounding (= background processing),ব্যাকগ্রাউন্ডিং (= ব্যাকগ্রাউন্ড প্রসেসিং)
Background job,পটভূমি কাজ
Background noise,পিছনের শব্দ
Background printing,পটভূমি মুদ্রণ
Background processing,পটভূমি প্রক্রিয়াকরণ
Background program,পটভূমি প্রোগ্রাম
Background reader,পটভূমি পাঠক
Background region,পটভূমি অঞ্চল
"Backing storage (= auxiliary
 Storage)","ব্যাক স্টোরেজ (= সহায়ক
 স্টোরেজ)"
Backing store,ব্যাকিং স্টোর
Back plane,পিছনে বিমান
Backspace,ব্যাকস্পেস
Backspace character,ব্যাকস্পেস চরিত্র
Backspacing,ব্যাকস্পেসিং
Backtracking,ব্যাকট্র্যাকিং
Backtracking structured programming,ব্যাকট্র্যাকিং স্ট্রাকচার্ড প্রোগ্রামিং
Backup,ব্যাকআপ
Backup copy,ব্যাকআপ অনুলিপি
Backup file,ব্যাকআপ ফাইল
Backup memory,ব্যাকআপ মেমরি
Backup programmer,ব্যাকআপ প্রোগ্রামার
Backup store,ব্যাকআপ স্টোর
Backward channel,পশ্চাদপদ চ্যানেল
Backward error analysis,পশ্চাদপদ ত্রুটি বিশ্লেষণ
Backward file recovery,পিছনে ফাইল পুনরুদ্ধার
Backward recovery,পশ্চাদপদ পুনরুদ্ধার
Backward supervision,পশ্চাদপদ তদারকি
Backward trace,পশ্চাদপদ ট্রেস
Balance,ভারসাম্য
Balanced circuit,ভারসাম্য সার্কিট
Balanced digit system,ভারসাম্যযুক্ত ডিজিট সিস্টেম
Balanced error,ভারসাম্য ত্রুটি
Balanced merge,ভারসাম্যপূর্ণ মার্জ
Balanced merge sort,সুষম মার্জ বাছাই
Balanced sorting,ভারসাম্য বাছাই
Balanced station,ভারসাম্য স্টেশন
Balanced ternary system,ভারসাম্যপূর্ণ টেরিনারি সিস্টেম
Balanced forward statement,সুষম ফরোয়ার্ড বিবৃতি
Balanced network,ভারসাম্যপূর্ণ নেটওয়ার্ক
Band,ব্যান্ড
Bandpass,ব্যান্ডপাস
Bandpass filter,ব্যান্ডপাস ফিল্টার
Band printer,ব্যান্ড প্রিন্টার
Band stop filter,ব্যান্ড স্টপ ফিল্টার
Bandwidth,ব্যান্ডউইথ
Banner word,ব্যানার শব্দ
Bar code,বার কোড
Bar code reader,বারকোড রিডার
Bar code scanner,বারকোড স্ক্যানার
Bar printer,বার প্রিন্টার
Barrel printing (= drum printing),ব্যারেল প্রিন্টিং (= ড্রাম মুদ্রণ)
Base,বেস
Base address,বেস ঠিকানা
Base addressing,বেস ঠিকানা
Base address register,বেস ঠিকানা রেজিস্টার
Base band,বেস ব্যান্ড
Base band channel,বেস ব্যান্ড চ্যানেল
Based storage allocation,ভিত্তিক স্টোরেজ বরাদ্দ
Based variable,ভিত্তিক পরিবর্তনশীল
Base element,বেস উপাদান
Base item,বেস আইটেম
Base language,বেস ভাষা
Base notation,বেস স্বরলিপি
Base number,বেস নম্বর
Base register,বেস রেজিস্টার
Base volume,বেস ভলিউম
BASIC,বেসিক
Basic access method,বেসিক অ্যাক্সেস পদ্ধতি
Basic binary loader,বেসিক বাইনারি লোডার
Basic code,বেসিক কোড
Basic coding,বেসিক কোডিং
Basic direct access method,বেসিক ডাইরেক্ট অ্যাক্সেস পদ্ধতি
"Basic exchange
 Format","বেসিক এক্সচেঞ্জ
 ফর্ম্যাট"
"Basic external
 Function","বেসিক বাহ্যিক
 ফাংশন"
Basic input/output,বেসিক ইনপুট/আউটপুট
Basic instruction,বেসিক নির্দেশ
Basic linkage,বেসিক লিঙ্কেজ
Basic looping,বেসিক লুপিং
Basic matrix,বেসিক ম্যাট্রিক্স
Basic matrix instruction,বেসিক ম্যাট্রিক্স নির্দেশনা
Basic real constant,বেসিক রিয়েল ধ্রুবক
Basic sequential access method,বেসিক সিক্যুয়ালিয়াল অ্যাক্সেস পদ্ধতি
Basic service,বেসিক পরিষেবা
Basic subscript,বেসিক সাবস্ক্রিপ্ট
Basic system instruction,বেসিক সিস্টেমের নির্দেশনা
Basic telecommunications access method,বেসিক টেলিযোগাযোগ অ্যাক্সেস পদ্ধতি
Basic weight,বেসিক ওজন
Batch,ব্যাচ
Batch control record,ব্যাচ নিয়ন্ত্রণ রেকর্ড
Batched communication,ব্যাচড যোগাযোগ
Batched job,ব্যাচড জব
Batch header document,ব্যাচের শিরোনাম নথি
Batching,ব্যাচিং
Batch operating system,ব্যাচ অপারেটিং সিস্টেম
Batch partition,ব্যাচ পার্টিশন
Batch position,ব্যাচের অবস্থান
Batch processing,ধির গতির কাজ
Batch region,ব্যাচ অঞ্চল
Batch session,ব্যাচ সেশন
Batch terminal,ব্যাচ টার্মিনাল
Batch ticket,ব্যাচের টিকিট
Batch total,ব্যাচ মোট
Batch transaction file,ব্যাচের লেনদেন ফাইল
Batten system (= cordonnier system = peek-a-- boo system),ব্যাটেন সিস্টেম (= কর্ডোনিয়ার সিস্টেম = পিক-এ-- বু সিস্টেম)
Baud,বাউড
Baudot code,বাউডোট কোড
Baud code,বাউড কোড
Baud rate,বড হার
Bead,জপমালা
Beam deflection,বিম ডিফ্লেশন
Beam store,বিম স্টোর
Beamwidth (= aperture angle),বিমউইথ (= অ্যাপারচার কোণ)
Beat,বীট
Begin,শুরু
Begin block,ব্লক শুরু করুন
Beginning of a file label,একটি ফাইল লেবেল শুরু
Beginning of information marker,তথ্য চিহ্নিতকারী শুরু
Beginning of tape mark,টেপ চিহ্নের শুরু
Beginning of volume label,ভলিউম লেবেলের শুরু
Bell character,বেল চরিত্র
Bellfast,বেলফাস্ট
Bench mark,মাপকাঠি
Benchmark routine,বেঞ্চমার্ক রুটিন
Benchmark test,বেঞ্চমার্ক পরীক্ষা
Bias,পক্ষপাত
Bias distortion,পক্ষপাত বিকৃতি
Bias testing,বায়াস টেস্টিং
Bibliography,গ্রন্থপঞ্জি
"Biconditional operation (=equivalence 
 Operation)","দ্বৈতকরণ অপারেশন (= সমতা
 অপারেশন)"
Biconnected graph,দ্বিখণ্ডিত গ্রাফ
Bid,বিড
Bidirectional bus,দ্বি -নির্দেশমূলক বাস
Bidirectional flow,দ্বি -নির্দেশমূলক প্রবাহ
Bidirectional printing,দ্বি -নির্দেশমূলক মুদ্রণ
Bifurcation,দ্বিখণ্ডন
Binary,বাইনারি
Binary approximation,বাইনারি আনুমানিক
Binary arithmetic operation,বাইনারি গাণিতিক অপারেশন
Binary card,বাইনারি কার্ড
Binary cell,বাইনারি সেল
Binary chain,বাইনারি চেইন
Binary choice,বাইনারি পছন্দ
Binary choice model,বাইনারি পছন্দ মডেল
Binary chop (= dichotmizing search),বাইনারি চপ (= ডিকোটমাইজিং অনুসন্ধান)
Binary code,বাইনারি কোড
Binary coded character,বাইনারি কোডেড চরিত্র
Binary coded decimal,বাইনারি কোডেড দশমিক
Binary coded decimal code,বাইনারি কোডেড দশমিক কোড
Binary coded decimal interchange code,বাইনারি কোডেড দশমিক ইন্টারচেঞ্জ কোড
Binary coded decimal representation,বাইনারি কোডেড দশমিক প্রতিনিধিত্ব
Binary coded decimal system,বাইনারি কোডেড দশমিক সিস্টেম
Binary-coded decimal-to decimal converter,বাইনারি-কোডেড দশমিক থেকে দশমিক রূপান্তরকারী
Binary coded digit,বাইনারি কোডেড অঙ্ক
Binary coded notation,বাইনারি কোডেড স্বরলিপি
Binarycoding,বাইনারিকোডিং
Binary control octal,বাইনারি নিয়ন্ত্রণ অক্টাল
Binary conversion,বাইনারি রূপান্তর
Binary counter,বাইনারি কাউন্টার
Binary digit,বাইনারি সংখ্যা
Binary digit character,বাইনারি অঙ্কের চরিত্র
Binary element,বাইনারি উপাদান
Binary element string,বাইনারি উপাদান স্ট্রিং
Binary half adder,বাইনারি হাফ অ্যাডার
Binary incremental representation,বাইনারি ইনক্রিমেন্টাল উপস্থাপনা
Binary loader,বাইনারি লোডার
Binary logic network,বাইনারি লজিক নেটওয়ার্ক
Binary notation,বাইনারি স্বরলিপি
Binary number,বাইনারি সংখ্যা
Binary number system,বাইনারি নম্বর সিস্টেম
Binary numeral,বাইনারি সংখ্যা
Binary numeral system,বাইনারি সংখ্যা সিস্টেম
Binary operation code,বাইনারি অপারেশন কোড
Binary operator,বাইনারি অপারেটর
Binary pair,বাইনারি জুটি
Binary picture data,বাইনারি ছবির ডেটা
Binary point,বাইনারি পয়েন্ট
Binary program,বাইনারি প্রোগ্রাম
Binary relation,বাইনারি সম্পর্ক
Binary search,বাইনারি অনুসন্ধান
Binary search algorithm,বাইনারি অনুসন্ধান অ্যালগরিদম
Binary serial signalling rate,বাইনারি সিরিয়াল সিগন্যালিং হার
Binary symmetric channel,বাইনারি প্রতিসাম্য চ্যানেল
Binary synchronous communication,বাইনারি সিঙ্ক্রোনাস যোগাযোগ
Binary synchronous transmission,বাইনারি সিঙ্ক্রোনাস ট্রান্সমিশন
Binary tree,বাইনারি গাছ
Bind,বাঁধাই করা
Binder group,বাইন্ডার গ্রুপ
Binder-hole card,বাইন্ডার-হোল কার্ড
Binding,বাঁধাই
Binding time,বাঁধাই সময়
Biomedical computing,বায়োমেডিকাল কম্পিউটিং
Biomedical program,বায়োমেডিকাল প্রোগ্রাম
Bionics,বায়োনিক্স
Bipartite graph,দ্বিপক্ষীয় গ্রাফ
Bipartite tree,দ্বিপক্ষীয় গাছ
Bipolar,বাইপোলার
Bipolar memory,বাইপোলার মেমরি
Bipolar transmission(= polar transmission),বাইপোলার ট্রান্সমিশন (= মেরু সংক্রমণ)
Biquinary code,Biqualy কোড
Birth-death process,জন্ম-মৃত্যু প্রক্রিয়া
Bisection algorithm,দ্বিখণ্ডিত অ্যালগরিদম
Bistable,বিস্টেবল
Bistable circuit,বিস্টেবল সার্কিট
Bistable device,বিস্টেবল ডিভাইস
Bistable multivibrator,বিস্টেবল মাল্টিভাইবারেটর
Bistable trigger circuit (= bistable circuit),Bistable ট্রিগার সার্কিট (= bistable সার্কিট)
Bisynchronous,বিসিনক্রোনাস
Bit,বিট
Bit bumming,বিট বুমিং
Bit density,বিট ঘনত্ব
Bit instruction,বিট নির্দেশনা
Bit location,বিট অবস্থান
Bit parallel,বিট সমান্তরাল
Bit pattern,বিট প্যাটার্ন
Bit position,বিট অবস্থান
Bit rate,বিট রেট
Bit serial,বিট সিরিয়াল
Bit slice,বিট স্লাইস
Bit slice microprocessor,বিট স্লাইস মাইক্রোপ্রসেসর
Bit slicing processor,বিট স্লাইসিং প্রসেসর
Bits per second,প্রতি সেকেন্ডে বিট
Bit storage,বিট স্টোরেজ
Bit string,বিট স্ট্রিং
Bit string operator,বিট স্ট্রিং অপারেটর
Bit track,বিট ট্র্যাক
Bivariate regression analysis,বিভারিয়েট রিগ্রেশন বিশ্লেষণ
Black recording,কালো রেকর্ডিং
Blank,ফাঁকা
Blank character,ফাঁকা চরিত্র
Blank coil,ফাঁকা কয়েল
Blank common,ফাঁকা সাধারণ
Blank deleter,ফাঁকা ডেলিটার
Blank diskette,ফাঁকা ডিসকেট
Blanking,ব্ল্যাঙ্কিং
Blank instruction,ফাঁকা নির্দেশ
Blast,বিস্ফোরণ
Bleed,রক্তক্ষরণ
Blind,অন্ধ
Blind key board,অন্ধ কী বোর্ড
B-line (= index register),বি-লাইন (= সূচক রেজিস্টার)
Blinking,জ্বলজ্বল
Blip counting,ব্লিপ গণনা
Blip (= document mark),ব্লিপ (= ডকুমেন্ট চিহ্ন)
Bliss classification,আনন্দের শ্রেণিবিন্যাস
Block,ব্লক
Block body,ব্লক বডি
Block cancel character,ব্লক বাতিল চরিত্র
Block check,ব্লক চেক
Block check character,ব্লক চেক চরিত্র
Block check procedure,ব্লক চেক পদ্ধতি
Block control,ব্লক নিয়ন্ত্রণ
Block control header,ব্লক নিয়ন্ত্রণ শিরোনাম
Block control unit,ব্লক নিয়ন্ত্রণ ইউনিট
Block copy,ব্লক অনুলিপি
Block diagram,ব্লক ডায়াগ্রাম
Blocked file,অবরুদ্ধ ফাইল
Block error rate,ব্লক ত্রুটি হার
Blockette,ব্লকেট
Block gap (= inter block gap,ব্লক গ্যাপ (= ইন্টার ব্লক গ্যাপ
Block head,ব্লক হেড
Block header,ব্লক শিরোনাম
Block heading statement,ব্লক শিরোনাম বিবৃতি
"Block ignore character (= block cancel
 Character)","ব্লক চরিত্রটিকে উপেক্ষা করুন (= ব্লক বাতিল করুন
 চরিত্র)"
Blocking,ব্লকিং
Blocking factor,ব্লকিং ফ্যাক্টর
Blocking of records (= grouping of records),রেকর্ডগুলি অবরুদ্ধ করা (= রেকর্ডের গ্রুপিং)
Block length,ব্লক দৈর্ঘ্য
Block list,কালো তালিকা
Block movement,ব্লক চলাচল
Block multiplexer channel,ব্লক মাল্টিপ্লেক্সার চ্যানেল
Block multiplexer mode,ব্লক মাল্টিপ্লেক্সার মোড
Block parity system,ব্লক প্যারিটি সিস্টেম
Block prefix,ব্লক উপসর্গ
Block record,ব্লক রেকর্ড
Block separater,পৃথক পৃথক
Block separation,ব্লক বিচ্ছেদ
Block size,ব্লক আকার
Block sort,ব্লক বাছাই
Block structure,ব্লক কাঠামো
Block structured language,কাঠামোগত ভাষা ব্লক
Block synchronisation,ব্লক সিঙ্ক্রোনাইজেশন
Block transfer,ব্লক স্থানান্তর
Block transfer function,ব্লক ট্রান্সফার ফাংশন
Blow,ব্লো
Blow back,পিছনে ফুঁকুন
Blowing,ফুঁকছে
Blue ribbon program,ব্লু রিবন প্রোগ্রাম
Bold face,সাহসী মুখ
Book,বই
Book message,বুক বার্তা
Boolean complementation,বুলিয়ান পরিপূরক
Boolean connective,বুলিয়ান সংযোজক
Boolean data type,বুলিয়ান ডেটা টাইপ
Boolean function,বুলিয়ান ফাংশন
Boolean operation,বুলিয়ান অপারেশন
Boolean operation table,বুলিয়ান অপারেশন টেবিল
Boolean operator,বুলিয়ান অপারেটর
Bootleg program,বুটলেগ প্রোগ্রাম
Boot strap loader,বুট স্ট্র্যাপ লোডার
Boot strap memory,বুট স্ট্র্যাপ মেমরি
Boot strapping,বুট স্ট্র্যাপিং
Boot strapping analog computer,বুট স্ট্র্যাপিং অ্যানালগ কম্পিউটার
Boot strapping language processor,বুট স্ট্র্যাপিং ভাষা প্রসেসর
Borrow,ধার
Borrow digit,Orrow ণ অঙ্ক
Bothway communication,উভয় পথ যোগাযোগ
Bothway operation,উভয় পথ অপারেশন
Bottom-up method (= reduction method),নীচে-আপ পদ্ধতি (= হ্রাস পদ্ধতি)
Bouncing,বাউন্সিং
Bound,আবদ্ধ
Boundary,সীমানা
Boundary alignment,সীমানা প্রান্তিককরণ
Boundary test,সীমানা পরীক্ষা
Bounding busy hour,ব্যস্ত সময় বাউন্ডিং
Bounds register,সীমানা রেজিস্টার
Branch,শাখা
Branch and bound method,শাখা এবং আবদ্ধ পদ্ধতি
Branch cable,শাখা কেবল
Branching,শাখা
Branching network,ব্রাঞ্চিং নেটওয়ার্ক
Branch instruction,শাখা নির্দেশ
Branch point,শাখা পয়েন্ট
Branch processing,শাখা প্রক্রিয়াজাতকরণ
Branch table,শাখা টেবিল
Break,বিরতি
Break key,বিরতি কী
Break point,ব্রেক পয়েন্ট
Break point halt,ব্রেক পয়েন্ট হাল্ট
Break point instruction,ব্রেক পয়েন্ট নির্দেশনা
Break point switch,ব্রেক পয়েন্ট সুইচ
Break sequence,বিরতি ক্রম
Bridged tap,ব্রিজড ট্যাপ
Bridgeware,ব্রিজওয়্যার
Bridging,ব্রিজিং
Brightness ratio,উজ্জ্বলতা অনুপাত
Broad band,ব্রড ব্যান্ড
Broadcast mode,সম্প্রচার মোড
Broadcast satellite,সম্প্রচার স্যাটেলাইট
Brussels classification system,ব্রাসেলস শ্রেণিবদ্ধকরণ সিস্টেম
Brute-force approach,ব্রুট-ফোর্স পদ্ধতির
B-tree,বি ট্রি
Bubble memory,বুদ্বুদ স্মৃতি
Bubble sort,বুদ্বুদ বাছাই
Bucket,বালতি
Buffer,বাফার
Buffer channel,বাফার চ্যানেল
Buffered amplifier,বাফার পরিবর্ধক
Buffered computer,বাফার কম্পিউটার
Buffered device,বাফার ডিভাইস
Buffered input,বাফার ইনপুট
Buffered message,বাফার বার্তা
Buffering,বাফারিং
Buffer I/O device,বাফার আই/ও ডিভাইস
Buffer management,বাফার পরিচালনা
Buffer output,বাফার আউটপুট
Buffer pad character,বাফার প্যাড চরিত্র
Buffer pool,বাফার পুল
Buffer pooling,বাফার পুলিং
Buffer register,বাফার রেজিস্টার
Buffer storage,বাফার স্টোরেজ
Buffer store,বাফার স্টোর
Bug,বাগ
Buggy,বগি
Built-in function,অন্তর্নির্মিত ফাংশন
Built-in procedure,অন্তর্নির্মিত পদ্ধতি
Burst mode,বিস্ফোরিত মোড
Burst transmission,ফেটে ট্রান্সমিশন
Bus,বাস
Bus bar,বাস বার
Bus controller,বাস নিয়ামক
Bus driver,বাস চালক
Bus extender,বাস এক্সটেন্ডার
Business data processing,ব্যবসায়ের ডেটা প্রসেসিং
Business information system,ব্যবসায় তথ্য সিস্টেম
Business machine,ব্যবসায়িক মেশিন
Business machine clocking,ব্যবসায়িক মেশিন ক্লকিং
Business planning language,ব্যবসায়িক পরিকল্পনার ভাষা
Business service,ব্যবসা সেবা
Bussback,বাসব্যাক
Bus termination,বাসের সমাপ্তি
Bus ware,বাস ওয়্যার
Bus wire,বাস তারের
Busy hour,ব্যস্ত ঘন্টা
Busy signal,ব্যস্ত সংকেত
Busy tone,ব্যস্ত সুর
Bypass procedure,বাইপাস পদ্ধতি
Byproduct,উপজাত
Byte,বাইট
Byte manipulation,বাইট ম্যানিপুলেশন
Byte mode,বাইট মোড
Byte multiplexer channel,বাইট মাল্টিপ্লেক্সার চ্যানেল
Byte multiplexer mode,বাইট মাল্টিপ্লেক্সার মোড
Byte multiplexing,বাইট মাল্টিপ্লেক্সিং
Cable,কেবল
Cable casting,কেবল কাস্টিং
Cable television service,কেবল টেলিভিশন পরিষেবা
Cable vault,কেবল ভল্ট
Cache,ক্যাশে
Cache-cache memory,ক্যাশে-ক্যাশে স্মৃতি
Calculation,গণনা
Calculation punch,গণনা পাঞ্চ
Calculator,ক্যালকুলেটর
Calculator chip,ক্যালকুলেটর চিপ
Calculator with algebraic logic,বীজগণিত যুক্তিযুক্ত ক্যালকুলেটর
Calculator with arithmetic logic,গাণিতিক যুক্তি সহ ক্যালকুলেটর
Calculator without programmability,প্রোগ্রামযোগ্যতা ছাড়াই ক্যালকুলেটর
Calculator with programmability,প্রোগ্রামযোগ্যতা সহ ক্যালকুলেটর
Calculus of variations,বিভিন্নতার ক্যালকুলাস
Call,কল
Call by reference,রেফারেন্স দ্বারা কল
Call by value,মান দ্বারা কল
Call directing code,পরিচালনা কোড কল করুন
Call establishment,কল স্থাপন
Call forwarding,ফরওয়ার্ডিং কল করুন
Calligraphic plotter,ক্যালিগ্রাফিক প্লট্টার
Calling,কলিং
Calling argument,কলিং যুক্তি
Calling program,কলিং প্রোগ্রাম
Calling sequence,কলিং সিকোয়েন্স
Calling subprogram,কলিং সাবপ্রগ্রাম
Call number,কল সংখ্যা
Call processor,কল প্রসেসর
Call progress signal,অগ্রগতি সংকেত কল
Call store,কল স্টোর
Call waiting,অপেক্ষা করছে
Cancel,বাতিল
Cancel character,চরিত্র বাতিল করুন
Cancel key,কী বাতিল করুন
Canned paragraph,ক্যানড অনুচ্ছেদ
Canned software,ক্যানড সফটওয়্যার
Canonic generation,ক্যানোনিক জেনারেশন
Capacitor storage,ক্যাপাসিটার স্টোরেজ
Capacity,ক্ষমতা
Capstan,ক্যাপস্তান
Capture,ক্যাপচার
Card,কার্ড
Card cage,কার্ড খাঁচা
Card chassis,কার্ড চ্যাসিস
Card checking,কার্ড চেকিং
Card code,কার্ড কোড
Card column,কার্ড কলাম
Card cycle,কার্ড চক্র
Card deck,কার্ড ডেক
Card error checking,কার্ড ত্রুটি পরীক্ষা করা
Card field,কার্ড ক্ষেত্র
Card file,কার্ড ফাইল
Card form,কার্ড ফর্ম
Card format,কার্ড ফর্ম্যাট
Card hopper,কার্ড হপার
Card image,কার্ড চিত্র
Card input,কার্ড ইনপুট
Card jam,কার্ড জ্যাম
Card loader,কার্ড লোডার
Card pack,কার্ড প্যাক
Card path,কার্ড পাথ
Card programmed calculator,কার্ড প্রোগ্রামড ক্যালকুলেটর
Card programmed computer,কার্ড প্রোগ্রামড কম্পিউটার
Card punch,কার্ড পাঞ্চ
Card punching technique,কার্ড পাঞ্চিং কৌশল
Card reader,কার্ড পাঠক
Card reproducer,কার্ড প্রজননকারী
Card row,কার্ড সারি
Card set,কার্ড সেট
Card sorter,কার্ড সোর্টার
Card stacker,কার্ড স্ট্যাকার
Card storage,কার্ড স্টোরেজ
Card-to-disk utility,কার্ড-টু-ডিস্ক ইউটিলিটি
Card-to-magnetic tape conversion,কার্ড-টু-ম্যাগনেটিক টেপ রূপান্তর
Card-to-print program,কার্ড-টু-প্রিন্ট প্রোগ্রাম
Card to tape converter,টেপ রূপান্তরকারী কার্ড
Card track,কার্ড ট্র্যাক
Card verifying,কার্ড যাচাই করা
Caret,ক্যারেট
Carousel,কারাউসেল
Carriage,বহন
Carriage control character,গাড়ী নিয়ন্ত্রণ চরিত্র
Carriage control tape,ক্যারেজ কন্ট্রোল টেপ
Carriage return,গাড়ি ফেরত
Carriage return character,ক্যারেজ রিটার্ন চরিত্র
Carrier,ক্যারিয়ার
Carrier hole,ক্যারিয়ার হোল
Carrier load,ক্যারিয়ার লোড
Carrier return character,ক্যারিয়ার রিটার্ন চরিত্র
Carrier's carrier,ক্যারিয়ারের ক্যারিয়ার
Carrier signal,ক্যারিয়ার সিগন্যাল
Carrier system,ক্যারিয়ার সিস্টেম
Carrier-to-noise ratio,ক্যারিয়ার-থেকে-শব্দ অনুপাত
Carrier wave,ক্যারিয়ার তরঙ্গ
Carry,বহন
Carry complete signal,সম্পূর্ণ সংকেত বহন করুন
Carry completion sensing,সমাপ্তি সংবেদনশীল
Carry digit,ডিজিট বহন করুন
Carry flag,পতাকা বহন করুন
Carry time,সময় বহন
Cartridge,কার্তুজ
Cartridge disk,কার্টরিজ ডিস্ক
Cascade connection,ক্যাসকেড সংযোগ
Cascade control,ক্যাসকেড নিয়ন্ত্রণ
Cascaded merging,ক্যাসকেড মার্জ
Cascade merge,ক্যাসকেড মার্জ
Cashlike document,নগদ জাতীয় দলিল
Cashlike tender (= cashlike document),নগদ জাতীয় টেন্ডার (= নগদ লাইক ডকুমেন্ট)
Cassette,ক্যাসেট
Casting out nines,নাইনস কাস্টিং
Cata language (=object language),ক্যাটা ভাষা (= অবজেক্ট ভাষা)
Catalogue,ক্যাটালগ
Catalogued data set,ক্যাটালোজড ডেটা সেট
Catalogue directory,ক্যাটালগ ডিরেক্টরি
Catalogued procedure,ক্যাটালোজড পদ্ধতি
Catastrophic error,বিপর্যয়কর ত্রুটি
Catena,ক্যাটেনা
Catenate,ক্যাটেনেট
Cathode ray storage,ক্যাথোড রে স্টোরেজ
Cathode ray tube,ক্যাথোড রশ্মি নল
Cathode ray tube display,ক্যাথোড রে টিউব প্রদর্শন
Cell,সেল
Cellular mobile telephone network,সেলুলার মোবাইল টেলিফোন নেটওয়ার্ক
Cellular ratio,সেলুলার অনুপাত
Cellular splitting,সেলুলার বিভাজন
Centering,কেন্দ্রিক
Center line,কেন্দ্র লাইন
Central control unit,কেন্দ্রীয় নিয়ন্ত্রণ ইউনিট
Centralised automatic message accounting,কেন্দ্রীয় স্বয়ংক্রিয় বার্তা অ্যাকাউন্টিং
Centralised data processing,কেন্দ্রীভূত ডেটা প্রসেসিং
Centralised network,কেন্দ্রীভূত নেটওয়ার্ক
Central memory,কেন্দ্রীয় স্মৃতি
Central office,কেন্দ্রীয় কার্যালয়
Central office code,কেন্দ্রীয় অফিস কোড
Central office work order,কেন্দ্রীয় অফিস কাজের আদেশ
Central processing unit,কেন্দ্রীয় প্রক্রিয়াকরণ ইউনিট
Central processing unit loop,কেন্দ্রীয় প্রক্রিয়াকরণ ইউনিট লুপ
Central processor,কেন্দ্রীয় প্রসেসর
Central scanning loop,সেন্ট্রাল স্ক্যানিং লুপ
Central station (= control station),কেন্দ্রীয় স্টেশন (= নিয়ন্ত্রণ স্টেশন)
Central office work order,কেন্দ্রীয় অফিস কাজের আদেশ
Certified tape,প্রত্যয়িত টেপ
Chad,চাদ
Chadless tape,চ্যাডলেস টেপ
Chain,চেইন
Chain additions program,চেইন সংযোজন প্রোগ্রাম
Chain code,চেইন কোড
Chained file,শৃঙ্খলিত ফাইল
Chained list,শৃঙ্খলিত তালিকা
Chained record,শৃঙ্খলিত রেকর্ড
Chaining,চেইনিং
Chaining overflow,ওভারফ্লো শৃঙ্খলা
Chaining search,চেইন অনুসন্ধান
Chain link,চেইন লিঙ্ক
Chain maintenance program,চেইন রক্ষণাবেক্ষণ প্রোগ্রাম
Chain printer,চেইন প্রিন্টার
Change character,চরিত্র পরিবর্তন করুন
Change dump,ডাম্প পরিবর্তন করুন
Change file,ফাইল পরিবর্তন করুন
Change record,রেকর্ড পরিবর্তন
Change sign,সাইন পরিবর্তন করুন
Change tape,টেপ পরিবর্তন করুন
Channel,চ্যানেল
Channel adapter,চ্যানেল অ্যাডাপ্টার
Channel address word,চ্যানেল ঠিকানা শব্দ
Channel-attached,চ্যানেল-সংযুক্ত
Channel-attached station,চ্যানেল-সংযুক্ত স্টেশন
Channel bank,চ্যানেল ব্যাংক
Channel busy tone,চ্যানেল ব্যস্ত সুর
Channel capacity,চ্যানেল ক্ষমতা
Channel command,চ্যানেল কমান্ড
Channel command word,চ্যানেল কমান্ড শব্দ
Channel controller,চ্যানেল নিয়ামক
Channel control word,চ্যানেল নিয়ন্ত্রণ শব্দ
Channel data,চ্যানেল ডেটা
Channel end,চ্যানেল শেষ
Channel error,চ্যানেল ত্রুটি
Channel latency,চ্যানেল বিলম্ব
Channel mask,চ্যানেল মাস্ক
Channel overload,চ্যানেল ওভারলোড
Channel printer,চ্যানেল প্রিন্টার
Channel program,চ্যানেল প্রোগ্রাম
Channel program translation,চ্যানেল প্রোগ্রাম অনুবাদ
Channel queue,চ্যানেল সারি
Channel reliability,চ্যানেল নির্ভরযোগ্যতা
Channel service unit,চ্যানেল পরিষেবা ইউনিট
Channel set,চ্যানেল সেট
Channel status word,চ্যানেলের স্থিতি শব্দ
Channel synchronizer,চ্যানেল সিঙ্ক্রোনাইজার
Channel-to-channel adapter,চ্যানেল থেকে চ্যানেল অ্যাডাপ্টার
Character,চরিত্র
Character addressing,চরিত্র ঠিকানা
Character arrangement,চরিত্রের ব্যবস্থা
Character assembly,চরিত্র সমাবেশ
Character-at-a-time printer,চরিত্র-এ-টাইম প্রিন্টার
Character blink,চরিত্র ঝলক
Character boundary,চরিত্রের সীমানা
Character cell,চরিত্র সেল
Character check,চরিত্র চেক
Character code,চরিত্র কোড
Character configruration,চরিত্র কনফিগারেশন
Character crowding,চরিত্রের ভিড়
Character data type,চরিত্রের ডেটা টাইপ
Character-deletion-character,চরিত্র-বিনোদন-চরিত্র
Character delimiter,চরিত্র ডিলিমিটার
Character density,চরিত্রের ঘনত্ব
Character device control,চরিত্র ডিভাইস নিয়ন্ত্রণ
Character display device,চরিত্র প্রদর্শন ডিভাইস
Character display terminal,চরিত্র প্রদর্শন টার্মিনাল
Character edge,চরিত্র প্রান্ত
Character element,চরিত্র উপাদান
Character emitter,চরিত্র ইমিটার
Character error rate,চরিত্র ত্রুটি হার
Character expression,চরিত্রের প্রকাশ
Character fill,চরিত্র পূরণ
Character format memory,চরিত্রের ফর্ম্যাট মেমরি
Character generator,চরিত্র জেনারেটর
Character information rate,চরিত্রের তথ্য হার
Character instruction,চরিত্র নির্দেশনা
Characteristic,বৈশিষ্ট্য
Characteristic distortion,বৈশিষ্ট্যযুক্ত বিকৃতি
Characteristic impedence,বৈশিষ্ট্যযুক্ত প্রতিবন্ধকতা
Character key,চরিত্র কী
Character mean entropy,চরিত্র মানে এনট্রপি
Character mean information content =character mean entropy),চরিত্রের অর্থ তথ্য সামগ্রী = চরিত্রের অর্থ এনট্রপি)
Character oriented,চরিত্রমুখী
Character outline,চরিত্রের রূপরেখা
Character position,চরিত্রের অবস্থান
Character printer,চরিত্র প্রিন্টার
Character reader,চরিত্র পাঠক
Character recognition,চরিত্র স্বীকৃতি
Character relation,চরিত্রের সম্পর্ক
Character row,চরিত্র সারি
Character set,অক্ষর সেট
Character size,চরিত্রের আকার
Character skew,চরিত্র skew
Character string,চরিত্রের স্ট্রিং
Character string constant,চরিত্রের স্ট্রিং ধ্রুবক
Character stroke,চরিত্র স্ট্রোক
Character style,চরিত্র শৈলী
Character subset,চরিত্র উপসেট
Character tape,চরিত্র টেপ
Chart,চার্ট
Chart making,চার্ট তৈরি
Chart reader,চার্ট পাঠক
Chassis,চ্যাসিস
Chassis assembly,চ্যাসিস অ্যাসেম্বলি
Chebyshev approximation,চেবিশেভ আনুমানিক
Check bit,বিট চেক করুন
Check bus,বাস চেক করুন
Check card,কার্ড পরীক্ষা করো
Check character,চরিত্র পরীক্ষা করুন
Check code,কোড পরীক্ষা করুন
Check condition,শর্ত পরীক্ষা করুন
Check diagnostic,ডায়াগনস্টিক পরীক্ষা করুন
Check digit,অংকের চেক
Check indicator,সূচক পরীক্ষা করুন
Check indicator instruction,সূচক নির্দেশ পরীক্ষা করুন
Checking program,কর্মসূচি পরীক্ষা করা হচ্ছে
Checking technique,চেক কৌশল
Check key,পরীক্ষামূলক চাবি
Check number (= check digit),নম্বর চেক করুন (= ডিজিট পরীক্ষা করুন)
Check out (=debug),দেখুন (= ডিবাগ)
Check out routine,রুটিন দেখুন
Check point,চেক পয়েন্ট
Check point data set,পয়েন্ট ডেটা সেট চেক করুন
Check point dump,চেক পয়েন্ট ডাম্প
Check point record,চেক পয়েন্ট রেকর্ড
Check point restart,চেক পয়েন্ট পুনরায় চালু করুন
Check point routine,পয়েন্ট রুটিন চেক করুন
Check point sorting,চেক পয়েন্ট বাছাই
Check problem,সমস্যা পরীক্ষা করুন
Check register,নিবন্ধন করুন
Check reset key,রিসেট কী পরীক্ষা করুন
Check routine,রুটিন পরীক্ষা করুন
Check row,সারি পরীক্ষা করুন
Check solution,সমাধান পরীক্ষা করুন
Check sum,যোগফল পরীক্ষা করুন
Check total,মোট পরীক্ষা করুন
Check word,শব্দ পরীক্ষা করুন
Child segment,শিশু বিভাগ
Chinese binary (column binary),চাইনিজ বাইনারি (কলাম বাইনারি)
Chip,চিপ
Chip carrier,চিপ ক্যারিয়ার
Chip microprocessor,চিপ মাইক্রোপ্রসেসর
Chip process,চিপ প্রক্রিয়া
Chip register architecture,চিপ রেজিস্টার আর্কিটেকচার
Chip select,চিপ নির্বাচন করুন
Choice device,পছন্দ ডিভাইস
Cipher,গোপনীয় কোড
Cipher text (= enciphered data),সাইফার পাঠ্য (= এনসিফারড ডেটা)
Circuit,সার্কিট
Circuit board,সার্কিট বোর্ড
Circuit breaker,সার্কিট ব্রেকার
Circuit card,সার্কিট কার্ড
Circuit grade,সার্কিট গ্রেড
Circuit load,সার্কিট লোড
Circuit order,সার্কিট অর্ডার
Circuit reliability,সার্কিট নির্ভরযোগ্যতা
Circuit switch,সার্কিট সুইচ
Circuit-switched connection,সার্কিট-স্যুইচড সংযোগ
Circuit switching,সার্কিট বদল
Circuit switching unit,সার্কিট স্যুইচিং ইউনিট
Circuit unit assembly,সার্কিট ইউনিট সমাবেশ
Circular buffering,বৃত্তাকার বাফারিং
Circular list,বিজ্ঞপ্তি তালিকা
Circular shift,বিজ্ঞপ্তি শিফট
Circulating register,সার্কুলেটিং রেজিস্টার
Circulating storage,সঞ্চালন স্টোরেজ
Citation,উদ্ধৃতি
Cladding,ক্ল্যাডিং
Class,ক্লাস
Class 5 office,ক্লাস 5 অফিস
Class condition,শ্রেণি শর্ত
Classification,শ্রেণিবদ্ধকরণ
Cleaning operation,পরিষ্কার অপারেশন
Clear,স্পষ্ট
Clear area,পরিষ্কার অঞ্চল
Clear band (=clear area,সাফ ব্যান্ড (= পরিষ্কার অঞ্চল
Clear channel,চ্যানেল সাফ করুন
Clear data,উপাত্ত মুছে ফেল
Clear display,পরিষ্কার প্রদর্শন
Clear memory (= clear storage),পরিষ্কার মেমরি (= সাফ স্টোরেজ)
Clear session,সাফ সেশন
Clear storage,সাফ স্টোরেজ
Clipping,ক্লিপিং
Clock,ঘড়ি
Clock circuit,ঘড়ি সার্কিট
Clock counter,ঘড়ি কাউন্টার
Clock frequency,ঘড়ির ফ্রিকোয়েন্সি
Clocking,ক্লকিং
Clock interrupt,ঘড়ির বাধা
Clock pulse,ঘড়ির পালস
Clock rate,ঘড়ি হার
Clock register (= timer),ক্লক রেজিস্টার (= টাইমার)
Clock signal,ঘড়ি সংকেত
Clock simulation,ঘড়ি সিমুলেশন
Clock time,ঘড়ির সময়
Clock track,ঘড়ি ট্র্যাক
Close classification,শ্রেণিবদ্ধকরণ বন্ধ
Closed array,বন্ধ অ্যারে
Closed file,বন্ধ ফাইল
Closed loop,বদ্ধ চক্র
Closed loop (control) system,বন্ধ লুপ (নিয়ন্ত্রণ) সিস্টেম
Closed routine,বন্ধ রুটিন
Closed shop operation,বন্ধ দোকান অপারেশন
Closed subroutine,বন্ধ সাব্রুটাইন
Closed-user group,ক্লোজড-ব্যবহারকারী গ্রুপ
Closely coupled,ঘনিষ্ঠভাবে মিলিত
Closing a terminal,একটি টার্মিনাল বন্ধ
Closing of a file,একটি ফাইল বন্ধ
Cluster,ক্লাস্টার
Cluster analysis,ক্লাস্টার বিশ্লেষণ
Cluster controller,ক্লাস্টার নিয়ামক
Cluster controller node,ক্লাস্টার কন্ট্রোলার নোড
Cluster control unit,ক্লাস্টার নিয়ন্ত্রণ ইউনিট
Clustered file,ক্লাস্টার্ড ফাইল
Clustering algorithm,ক্লাস্টারিং অ্যালগরিদম
Coalesce,সমবেত হত্তয়া
Coated card,প্রলিপ্ত কার্ড
Coaxial cable,কোক্সিয়াল কেবল
COBOL,কোবোল
Cobol character,কোবোল চরিত্র
Cobol programming,কোবোল প্রোগ্রামিং
CODASYL,কোডাসিল
Code,কোড
Code area,কোড অঞ্চল
Code chain,কোড চেইন
Code check,কোড চেক
Coded arithmetic data,কোডেড গাণিতিক ডেটা
Coded character set,কোডেড চরিত্র সেট
Coded converter,কোডেড রূপান্তরকারী
Coded decimal notation,কোডেড দশমিক স্বরলিপি
Code dependent system,কোড নির্ভর সিস্টেম
Coded graphics,কোডেড গ্রাফিক্স
Coded image space,কোডেড ইমেজ স্পেস
Code directing character,কোড ডিরেক্টিং চরিত্র
Coded program,কোডড প্রোগ্রাম
Coded representation,কোডেড উপস্থাপনা
Coded stop,কোডেড স্টপ
Code element,কোড উপাদান
Code extension character,কোড এক্সটেনশন চরিত্র
Code frame,কোড ফ্রেম
Code hole,কোড হোল
Code-independent data communication,কোড-স্বতন্ত্র ডেটা যোগাযোগ
Code-independent system,কোড-স্বতন্ত্র সিস্টেম
"Code-insensitive system (= code-in- dependent
 System)","কোড-সংবেদনশীল সিস্টেম (= কোড-ইন- নির্ভরশীল
 পদ্ধতি)"
Code key,কোড কী
Code level,কোড স্তর
Code line,কোড লাইন
Code line index,কোড লাইন সূচক
Code point translator,কোড পয়েন্ট অনুবাদক
Code position,কোড অবস্থান
Coder,কোডার
Code-sensitive system (=code-dependent system),কোড-সংবেদনশীল সিস্টেম (= কোড-নির্ভর সিস্টেম)
Code set,কোড সেট
Code- transparent data communication,কোড- স্বচ্ছ ডেটা যোগাযোগ
"Code-transparent system (= code dependent
 System)","কোড-স্বচ্ছ সিস্টেম (= কোড নির্ভর
 পদ্ধতি)"
Code value,কোড মান
Code word,কোড শব্দ
Coding,কোডিং
Coding check,কোডিং চেক
Coding form,কোডিং ফর্ম
Coding scheme,কোডিং স্কিম
Coding sheet,কোডিং শীট
Coefficient unit,সহগ ইউনিট
Coherent modulation system,সুসংগত মড্যুলেশন সিস্টেম
Coherent phase shift keying,সুসংগত ফেজ শিফট কীিং
Coincidence circuit (= AND element),কাকতালীয় সার্কিট (= এবং উপাদান)
Coincidence element (= AND element),কাকতালীয় উপাদান (= এবং উপাদান)
Coincidence error,কাকতালীয় ত্রুটি
Coincidence gate (AND element,কাকতালিক গেট (এবং উপাদান)
Coincident-current selection,কাকতালীয়-বর্তমান নির্বাচন
Cold fault,ঠান্ডা দোষ
Cold start (=start),ঠান্ডা শুরু (= শুরু)
Collate,কোলেট
Collating sequence,কোলেটিং সিকোয়েন্স
Collating sorting,কোলেটিং বাছাই
Collator,কোলেটর
Collision,সংঘর্ষ
Column,কলাম
Column binary,কলাম বাইনারি
Column move,কলাম সরানো
Combination,সংমিশ্রণ
"Combinational
 Circuit","সংমিশ্রণমূলক
 সার্কিট"
"Combinational 
 Logic","সংমিশ্রণমূলক
 যুক্তি"
"Combinational
 Logic element","সংমিশ্রণমূলক
 যুক্তি উপাদান"
Combination hub,সংমিশ্রণ হাব
Combinatorial network,সংমিশ্রণ নেটওয়ার্ক
"Combinatorial
 Circuit","সংমিশ্রণ
 সার্কিট"
"Combined
 Distribution
 Frame","সম্মিলিত
 বিতরণ
 ফ্রেম"
Combined head,সম্মিলিত মাথা
Combined read/write head,সম্মিলিত পড়ুন/লিখুন মাথা
Combined station,সম্মিলিত স্টেশন
Combiner,কম্বাইনার
Command,কমান্ড
"Command and 
 Control system","কমান্ড এবং
 নিয়ন্ত্রণ ব্যবস্থা"
Command chain,কমান্ড চেইন
Command control program,কমান্ড নিয়ন্ত্রণ প্রোগ্রাম
Command double word,কমান্ড ডাবল ওয়ার্ড
Command function,কমান্ড ফাংশন
Command interpreter,কমান্ড দোভাষী
Command language,কমান্ড ভাষা
Command list,কমান্ড তালিকা
Command name,কমান্ড নাম
Command pointer,কমান্ড পয়েন্টার
"Command
 Processing","কমান্ড
 প্রক্রিয়াজাতকরণ"
Command processor,কমান্ড প্রসেসর
Command retry,কমান্ড পুনরায় চেষ্টা করুন
Command statement,কমান্ড বিবৃতি
Command system,কমান্ড সিস্টেম
Comment,মন্তব্য
Comment field,মন্তব্য ক্ষেত্র
Comment statement,মন্তব্য বিবৃতি
Commercial application,বাণিজ্যিক আবেদন
Commercial character,বাণিজ্যিক চরিত্র
Commercial instruction set,বাণিজ্যিক নির্দেশাবলী সেট
Common area,সাধারণ এলাকা
Common block,সাধারণ ব্লক
Common business-oriented (COBOL),সাধারণ ব্যবসায়-ভিত্তিক (সিওবিএল)
Common carrier,সার্বজনীন বাহক
Common carrier bureau,সাধারণ ক্যারিয়ার ব্যুরো
Common command language,সাধারণ কমান্ড ভাষা
Common communication adapter,সাধারণ যোগাযোগ অ্যাডাপ্টার
Common control,সাধারণ নিয়ন্ত্রণ
Common control switching arrangement,সাধারণ নিয়ন্ত্রণ স্যুইচিং ব্যবস্থা
Common control system,সাধারণ নিয়ন্ত্রণ ব্যবস্থা
Common error,সাধারণ ত্রুটি
Common field,সাধারণ ক্ষেত্র
Common hub,সাধারণ হাব
Common language,সাধারণ ভাষা
Common language code,সাধারণ ভাষা কোড
Common routine,সাধারণ রুটিন
Common segment,সাধারণ বিভাগ
Common software,সাধারণ সফ্টওয়্যার
Common storage area,সাধারণ স্টোরেজ অঞ্চল
Common target machine,সাধারণ টার্গেট মেশিন
Common user circuit,সাধারণ ব্যবহারকারী সার্কিট
Common user network,সাধারণ ব্যবহারকারী নেটওয়ার্ক
Communality,সাম্প্রদায়িকতা
Communicating word-processing equipment,ওয়ার্ড-প্রসেসিং সরঞ্জাম যোগাযোগ করা
Communication,যোগাযোগ
Communication adapter,যোগাযোগ অ্যাডাপ্টার
Communication channel,যোগাযোগ মাধ্যম
Communication common carrier,যোগাযোগ সাধারণ ক্যারিয়ার
Communication control character,যোগাযোগ নিয়ন্ত্রণ চরিত্র
Communication controller,যোগাযোগ নিয়ামক
Communication controller node,যোগাযোগ নিয়ামক নোড
Communication control unit,যোগাযোগ নিয়ন্ত্রণ ইউনিট
Communication data system,যোগাযোগ ডেটা সিস্টেম
Communication interface,যোগাযোগ ইন্টারফেস
Communication line,যোগাযোগ লাইন
Communication line adapter,যোগাযোগ লাইন অ্যাডাপ্টার
Communication line characteristic,যোগাযোগ লাইনের বৈশিষ্ট্য
Communication link,যোগাযোগ লিঙ্ক
Communication mix,যোগাযোগ মিশ্রণ
Communication mode control,যোগাযোগ মোড নিয়ন্ত্রণ
Communication modem,যোগাযোগ মডেম
Communication network,যোগাযোগ নেটওয়ার্ক
Communications center,যোগাযোগ কেন্দ্র
Communications computer,যোগাযোগ কম্পিউটার
Communications controller,যোগাযোগ নিয়ামক
Communications satellite,যোগাযোগ স্যাটেলাইট
Communications security equipment,যোগাযোগ সুরক্ষা সরঞ্জাম
Communications software,যোগাযোগ সফ্টওয়্যার
Communications subsystem,যোগাযোগ সাবসিস্টেম
Communications terminal,যোগাযোগ টার্মিনাল
Communication theory,যোগাযোগ তত্ত্ব
Community automatic exchange,সম্প্রদায় স্বয়ংক্রিয় বিনিময়
Community dial office,সম্প্রদায় ডায়াল অফিস
Commutator pulse,কমিটেটর পালস
Compaction algorithm,কমপ্যাকশন অ্যালগরিদম
Companding,তুলনা করা
Compandor,কম্প্যান্ডর
Compandor mistracking,কম্প্যান্ডর মিসট্র্যাকিং
"Companion store
 Backup","সঙ্গী দোকান
 ব্যাকআপ"
Comparator,তুলনামূলক
Comparator probe,তুলনামূলক তদন্ত
"Comparing unit
 (= Comparator)","তুলনা ইউনিট
 (= তুলনামূলক)"
"Comparison
 Operation","তুলনা
 অপারেশন"
"Comparison
 Operator","তুলনা
 অপারেটর"
Comparison test,তুলনা পরীক্ষা
Compatibility,সামঞ্জস্যতা
Compatibility test,সামঞ্জস্যতা পরীক্ষা
Compatible,উপযুক্ত
"Compatible time
 Sharing system","সামঞ্জস্যপূর্ণ সময়
 শেয়ারিং সিস্টেম"
Compilation,সংকলন
Compilation aid,সংকলন সহায়তা
Compile,সংকলন
Compile duration,সময়কাল সংকলন
Compile phase,সংকলন পর্ব
Compiler,সংকলক
Compiler-compiler,সংকলক-সংকলক
Compiler directing system,সংকলক পরিচালনা ব্যবস্থা
Compiler directive,সংকলক নির্দেশিকা
Compiler generator,সংকলক জেনারেটর
Compiler interface,সংকলক ইন্টারফেস
Compiler language,সংকলক ভাষা
Compiler option,সংকলক বিকল্প
Compile time,সময় সংকলন
Compile time diagnostics,সময় ডায়াগনস্টিকস সংকলন করুন
Compile time statement,সময় বিবৃতি সংকলন করুন
Compiling duration,সময়কাল সংকলন
Compiling phase,সংকলন পর্ব
Compiling program (= complier),সংকলন প্রোগ্রাম (= অভিযোগকারী)
Compiling time,সময় সংকলন
Complement,পরিপূরক
Complementary operation,পরিপূরক অপারেশন
Complementary operator,পরিপূরক অপারেটর
Complement base,পরিপূরক বেস
Complemented number system,পরিপূরক সংখ্যা সিস্টেম
Complementer,পরিপূরক
Complementing,পরিপূরক
Complement-on-nine,পরিপূরক অন-নাইন
Complement on one,এক উপর পরিপূরক
Complement-on ten,পরিপূরক অন টেন
Complement-on-two,পরিপূরক অন-টু
Complete carry,সম্পূর্ণ বহন
Completeness check,সম্পূর্ণতা চেক
Complete operation,সম্পূর্ণ অপারেশন
Complete routine,সম্পূর্ণ রুটিন
Completion code,সমাপ্তি কোড
Complex constant,জটিল ধ্রুবক
Complex data,জটিল ডেটা
Complex data type,জটিল ডেটা টাইপ
Complex decision making simulation,জটিল সিদ্ধান্ত গ্রহণ সিমুলেশন
Complexity theory,জটিলতা তত্ত্ব
Complex number,জটিল সংখ্যা
Component,উপাদান
Component address,উপাদান ঠিকানা
Component processor,উপাদান প্রসেসর
Composite console,যৌগিক কনসোল
Composited circuit,কমপোজিটেড সার্কিট
Composite external symbol dictionary,যৌগিক বাহ্যিক প্রতীক অভিধান
Composite module,যৌগিক মডিউল
Composite module data set,যৌগিক মডিউল ডেটা সেট
Composite operator,যৌগিক অপারেটর
Composition file,রচনা ফাইল
Compound condition,যৌগিক অবস্থা
Compound logical element,যৌগিক যৌক্তিক উপাদান
Compound statement,যৌগিক বিবৃতি
Compress,সংকুচিত
Compressor,সংক্ষেপক
Compromise net,সমঝোতা নেট
Computability,গণনাযোগ্যতা
Computable function,গণনাযোগ্য ফাংশন
Computation,গণনা
Computational complexity,গণনীয় জটিলতা
Computational linguistics,গণনীয় ভাষাতত্ত্ব
Computational model,গণনা মডেল
Computational stability,গণনা স্থায়িত্ব
Compute limited,গণনা সীমাবদ্ধ
Compute mode,গণনা মোড
Computer,কম্পিউটার
Computer administrative record,কম্পিউটার প্রশাসনিক রেকর্ড
Computer aided design,কম্পিউটার এর সাহায্যে নকশা
Computer-aided engineering,কম্পিউটার-সহায়ক ইঞ্জিনিয়ারিং
Computer aided manufacture,কম্পিউটার এডেড ম্যানুফ্যাকচার
Computer architecture,কম্পিউটার আর্কিটেকচার
Computer arithmetic,কম্পিউটার পাটিগণিত
Computer art,কম্পিউটার আর্ট
Computer assisted education,কম্পিউটার সহায়তা শিক্ষা
Computer assisted instruction,কম্পিউটার সহায়তা নির্দেশ
Computer assisted learning,কম্পিউটার সহায়তা শেখা
Computer assisted management,কম্পিউটার সহায়তা ব্যবস্থাপনা
Computer assisted teaching,কম্পিউটার সহায়তা শিক্ষণ
Computer based automation,কম্পিউটার ভিত্তিক অটোমেশন
Computer based education,কম্পিউটার ভিত্তিক শিক্ষা
Computer based learning,কম্পিউটার ভিত্তিক শেখা
Computer bureau,কম্পিউটার ব্যুরো
Computer circuitry,কম্পিউটার সার্কিটরি
Computer code,কম্পিউটার কোড
Computer communication,কম্পিউটার যোগাযোগ
Computer conferencing,কম্পিউটার কনফারেন্সিং
Computer configuration,কম্পিউটার কনফিগারেশন
Computer console,কম্পিউটার কনসোল
Computer control,কম্পিউটার নিয়ন্ত্রণ
Computer crime,কম্পিউটার অপরাধ
Computer cryptography,কম্পিউটার ক্রিপ্টোগ্রাফি
Computer-dependent language,কম্পিউটার-নির্ভর ভাষা
Computer domain,কম্পিউটার ডোমেন
Computer duplex,কম্পিউটার দ্বৈত
Computer equation,কম্পিউটার সমীকরণ
Computer expert,কম্পিউটার বিশেষজ্ঞ
Computer formatting,কম্পিউটার ফর্ম্যাটিং
Computer game,কম্পিউটার খেলা
Computer-generated map,কম্পিউটার-উত্পাদিত মানচিত্র
Computer generation,কম্পিউটার উত্পাদন
Computer graphics,কম্পিউটার গ্রাফিক্স
Computer hardware,কম্পিউটার হার্ডওয়্যার
Computer independent language,কম্পিউটার স্বাধীন ভাষা
Computer instruction,কম্পিউটার নির্দেশনা
"Computer 
 Instruction code","কম্পিউটার
 নির্দেশ কোড"
"Computer
 Instruction set","কম্পিউটার
 নির্দেশনাবলী"
"Computer
 Interface unit","কম্পিউটার
 ইন্টারফেস ইউনিট"
Computerist,কম্পিউটারিস্ট
Computerization,কম্পিউটারাইজেশন
Computer language,কম্পিউটার ভাষা
"Computer
 Language symbol","কম্পিউটার
 ভাষা প্রতীক"
Computer learning,কম্পিউটার লার্নিং
Computer letter,কম্পিউটার লেটার
Computer limited,কম্পিউটার সীমাবদ্ধ
"Computer
 Maintenance","কম্পিউটার
 রক্ষণাবেক্ষণ"
"Computer
 Managed
 Instruction","কম্পিউটার
 পরিচালিত
 নির্দেশ"
"Computer
 Micrographics","কম্পিউটার
 মাইক্রোগ্রাফিক্স"
Computer music,কম্পিউটার সংগীত
Computer network,কম্পিউটার নেটওয়ার্ক
Computer numerical control,কম্পিউটার সংখ্যাসূচক নিয়ন্ত্রণ
Computer operation,কম্পিউটার অপারেশন
Computer oriented language,কম্পিউটার ভিত্তিক ভাষা
Computer output,কম্পিউটার আউটপুট
Computer output microfilm,কম্পিউটার আউটপুট মাইক্রোফিল্ম
Computer performance,কম্পিউটার পারফরম্যান্স
Computer printer,কম্পিউটার প্রিন্টার
Computer program,কম্পিউটার প্রোগ্রাম
Computer program annotation,কম্পিউটার প্রোগ্রাম টীকা
Computer program origin,কম্পিউটার প্রোগ্রামের উত্স
Computer science,কম্পিউটার বিজ্ঞান
Computer security,কম্পিউটার নিরাপত্তা
Computer sharing,কম্পিউটার ভাগ করে নেওয়া
Computer simulation,কম্পিউটার সিমুলেশন
Computer simulator,কম্পিউটার সিমুলেটর
Computer software,কম্পিউটার সফটওয়্যার
Computer specialist,কম্পিউটার বিশেষজ্ঞ
Computer system,কম্পিউটার সিস্টেম
Computer system audit,কম্পিউটার সিস্টেম অডিট
Computer technology,কম্পিউটার প্রযুক্তি
Computer terminal,কম্পিউটার টার্মিনাল
Computer time,কম্পিউটার সময়
Computer word,কম্পিউটার শব্দ
Computing centre,কম্পিউটিং সেন্টার
Computing element,কম্পিউটিং উপাদান
Computing power,গননার ক্ষমতা
Computing system,কম্পিউটিং সিস্টেম
Concatenate,শ্রেণীবদ্ধভাবে সংযুক্ত করা
Concatenated data set,সংক্ষিপ্ত ডেটা সেট
Concatenated key,সংক্ষিপ্ত কী
Concatenation,সংক্ষিপ্তকরণ
Concatenation character,সংক্ষিপ্তকরণ চরিত্র
Concentrated message,ঘন বার্তা
Concentration,একাগ্রতা
Concentrator,ঘনীভূত
Concentrator terminal buffer,কনসেন্টেটর টার্মিনাল বাফার
Concept learning,ধারণা শেখা
Conceptual model,ধারণাগত আদর্শ
Concordance,সম্মতি
Concordant,সম্মিলিত
Concurrent,একযোগে
Concurrent operation,একযোগে অপারেশন
Concurrent processing,একযোগে প্রক্রিয়াজাতকরণ
Conditional assembly,শর্তাধীন সমাবেশ
Conditional assembly expression,শর্তসাপেক্ষ সমাবেশ প্রকাশ
Conditional assembly instruction,শর্তসাপেক্ষ সমাবেশ নির্দেশ
Conditional branch instruction,শর্তাধীন শাখা নির্দেশ
Conditional breakpoint,শর্তাধীন ব্রেকপয়েন্ট
Conditional,শর্তসাপেক্ষ
Conditional breakpoint instruction,শর্তাধীন ব্রেকপয়েন্ট নির্দেশ
Conditional entropy,শর্তাধীন এনট্রপি
Conditional expression,শর্তযুক্ত অভিব্যক্তি
Conditional implication operation,শর্তাধীন জড়িত অপারেশন
Conditional information content,শর্তাধীন তথ্য সামগ্রী
Conditional jump,শর্তাধীন জাম্প
Conditional jump instruction,শর্তসাপেক্ষ জাম্প নির্দেশ
Conditional operator,শর্তসাপেক্ষ অপারেটর
Conditional statement,শর্তযুক্ত বিবৃতি
Conditional stop instruction,শর্তাধীন স্টপ নির্দেশ
Conditional transfer instruction,শর্তাধীন স্থানান্তর নির্দেশ
Conditional variable,শর্তাধীন পরিবর্তনশীল
Condition cell,শর্ত সেল
Condition code,শর্ত কোড
Conditioned circuit,কন্ডিশনড সার্কিট
Conditioning,কন্ডিশনার
Conditioning equipment,কন্ডিশনার সরঞ্জাম
Condition list,শর্ত তালিকা
Condition name,শর্তের নাম
Condition name condition,শর্তের নাম শর্ত
Condition prefix,শর্ত উপসর্গ
Conference control (= sensitivity control),সম্মেলন নিয়ন্ত্রণ (= সংবেদনশীলতা নিয়ন্ত্রণ)
Confidence level,আত্মবিশ্বাস এর ধাপ
Confidentiality,গোপনীয়তা
Configuration,কনফিগারেশন
Configuration section,কনফিগারেশন বিভাগ
Confirmation,নিশ্চিতকরণ
Confusion matrix,বিভ্রান্তি ম্যাট্রিক্স
Congestion,যানজট
Conjunction,সংযোগ
Connected reference,সংযুক্ত রেফারেন্স
Connected storage,সংযুক্ত স্টোরেজ
Connect function,সংযোগ ফাংশন
Connecting arrangement,সংযোগ ব্যবস্থা
Connecting arrangement service,সংযোগ ব্যবস্থা পরিষেবা
Connection,সংযোগ
Connective,সংযোগকারী
Connector,সংযোগকারী
Connect time,সময় সংযোগ
Consecutive,একটানা
Consecutive operation,একটানা অপারেশন
Consecutive sequence computer,ধারাবাহিক ক্রম কম্পিউটার
Consequence finding consistency check,ফলাফল ধারাবাহিকতা চেক সন্ধান
Console,কনসোল
Console word-processing equipment,কনসোল ওয়ার্ড-প্রসেসিং সরঞ্জাম
Consolidation,একত্রীকরণের
Consolidator,একীভূত
Constant area,ধ্রুবক অঞ্চল
Constant instruction,অবিচ্ছিন্ন নির্দেশ
Constant length field,ধ্রুবক দৈর্ঘ্যের ক্ষেত্র
Constant ratio code,ধ্রুবক অনুপাত কোড
Constant storage,ধ্রুবক স্টোরেজ
Constant word,অবিচ্ছিন্ন শব্দ
Constrained set,সীমাবদ্ধ সেট
Constraint,সীমাবদ্ধতা
Contained text,পাঠ্য রয়েছে
Content,বিষয়বস্তু
Content addressed storage (= associative storage),সামগ্রী ঠিকানা স্টোরেজ (= সহযোগী স্টোরেজ)
Content analysis,বস্তু বিশ্লেষণ
Contention,বিতর্ক
Contention system,বিতর্ক ব্যবস্থা
Contents list,বিষয়বস্তু তালিকা
Context,প্রসঙ্গ
Context editing,প্রসঙ্গ সম্পাদনা
Context editor,প্রসঙ্গ সম্পাদক
Context free language,প্রসঙ্গ মুক্ত ভাষা
Context free structure,প্রসঙ্গ মুক্ত কাঠামো
Context sensitive language,প্রসঙ্গ সংবেদনশীল ভাষা
Contextual declaration,প্রাসঙ্গিক ঘোষণা
Contingency procedure,কন্টিনজেন্সি পদ্ধতি
Continuation card,ধারাবাহিকতা কার্ড
Continuity check,ধারাবাহিকতা চেক
Continuous form,অবিচ্ছিন্ন ফর্ম
Continuous form card,অবিচ্ছিন্ন ফর্ম কার্ড
Continuous forms paper,অবিচ্ছিন্ন ফর্ম কাগজ
Continuous process control,অবিচ্ছিন্ন প্রক্রিয়া নিয়ন্ত্রণ
Continuous simulation,অবিচ্ছিন্ন সিমুলেশন
Continuous system modelling program,অবিচ্ছিন্ন সিস্টেম মডেলিং প্রোগ্রাম
Continuous system simulation language,অবিচ্ছিন্ন সিস্টেম সিমুলেশন ভাষা
Contour model,কনট্যুর মডেল
Contrast,বিপরীতে
Contrast sharpening,বিপরীতে তীক্ষ্ণকরণ
Control,নিয়ন্ত্রণ
Control area,নিয়ন্ত্রণ অঞ্চল
Control bit,বিট নিয়ন্ত্রণ করুন
Control block,নিয়ন্ত্রণ ব্লক
Control bus,নিয়ন্ত্রণ বাস
Control byte,নিয়ন্ত্রণ বাইট
Control card,নিয়ন্ত্রণ কার্ড
Control character,নিয়ন্ত্রণ চরিত্র
Control circuit,নিয়ন্ত্রণ বর্তনী
Control clerk,নিয়ন্ত্রণ ক্লার্ক
Control command language,কমান্ড ভাষা নিয়ন্ত্রণ করুন
Control computer,কম্পিউটার নিয়ন্ত্রণ করুন
Control counter,নিয়ন্ত্রণ কাউন্টার
Control cycle,নিয়ন্ত্রণ চক্র
Control data,ডেটা নিয়ন্ত্রণ করুন
Control dictionary,নিয়ন্ত্রণ অভিধান
Control engineering,নিয়ন্ত্রণ ইঞ্জিনিয়ারিং
Control field,নিয়ন্ত্রণ ক্ষেত্র
Control format item,ফর্ম্যাট আইটেম নিয়ন্ত্রণ করুন
Control function,নিয়ন্ত্রণ ফাংশন
Control heading,নিয়ন্ত্রণ শিরোনাম
Control hole,নিয়ন্ত্রণ গর্ত
Control instruction,নিয়ন্ত্রণ নির্দেশ
Control instruction register,নিয়ন্ত্রণ নির্দেশিকা নিবন্ধ
Control language,নিয়ন্ত্রণ ভাষা
Controlled parameter,নিয়ন্ত্রিত প্যারামিটার
Controlled storage allocation,নিয়ন্ত্রিত স্টোরেজ বরাদ্দ
Controlled variable,নিয়ন্ত্রিত পরিবর্তনশীল
Controlled vocabulary,নিয়ন্ত্রিত শব্দভাণ্ডার
Controller,নিয়ামক
Controller function,নিয়ামক ফাংশন
Control line,নিয়ন্ত্রণ লাইন
Control logic,নিয়ন্ত্রণ যুক্তি
Control loop,নিয়ন্ত্রণ লুপ
Control mark,নিয়ন্ত্রণ চিহ্ন
Control-massage display,নিয়ন্ত্রণ-ম্যাসেজ ডিসপ্লে
Control microprogramming,মাইক্রোপ্রোগ্রামিং নিয়ন্ত্রণ করুন
Control mode,নিয়ন্ত্রণ মোড
Control number,নিয়ন্ত্রণ সংখ্যা
Control objective,উদ্দেশ্য নিয়ন্ত্রণ
Control operation,নিয়ন্ত্রণ অপারেশন
Control operator,নিয়ন্ত্রণ অপারেটর
Control operator's terminal,অপারেটরের টার্মিনাল নিয়ন্ত্রণ করুন
Control panel,নিয়ন্ত্রণ প্যানেল
Control point,নিয়ন্ত্রণ পয়েন্ট
Control printing,নিয়ন্ত্রণ মুদ্রণ
Control program,নিয়ন্ত্রণ প্রোগ্রাম
Control punch,পাঞ্চ নিয়ন্ত্রণ করুন
Control record,নিয়ন্ত্রণ রেকর্ড
Control register,নিয়ন্ত্রণ নিবন্ধ
Control routine,নিয়ন্ত্রণ রুটিন
Control section,নিয়ন্ত্রণ বিভাগ
Control sequence,নিয়ন্ত্রণ ক্রম
Control specification,স্পেসিফিকেশন নিয়ন্ত্রণ করুন
Control stack,নিয়ন্ত্রণ স্ট্যাক
Control standard,নিয়ন্ত্রণ মান
Control statement,নিয়ন্ত্রণ বিবৃতি
Control station,নিয়ন্ত্রণ স্টেশন
Control storage,নিয়ন্ত্রণ স্টোরেজ
Control storage save,নিয়ন্ত্রণ স্টোরেজ সংরক্ষণ করুন
Control switch,কন্ট্রোল সুইচ
Control system,নিয়ন্ত্রণ ব্যবস্থা
Control tape,টেপ নিয়ন্ত্রণ করুন
Control technique,নিয়ন্ত্রণ কৌশল
Control terminal,টার্মিনাল নিয়ন্ত্রণ করুন
Control total,মোট নিয়ন্ত্রণ
Control transfer statement,নিয়ন্ত্রণ স্থানান্তর বিবৃতি
Control unit,নিয়ন্ত্রণ ইউনিট
Control variable,পরিবর্তনশীল নিয়ন্ত্রণ
Control volume,নিয়ন্ত্রণ ভলিউম
Control word,শব্দ নিয়ন্ত্রণ
Convention,সম্মেলন
Convention equipment,কনভেনশন সরঞ্জাম
Convergence,রূপান্তর
Conversation,কথোপকথন
Conversational,কথোপকথন
Conversational algebraic language,কথোপকথন বীজগণিত ভাষা
Conversational compiler,কথোপকথন সংকলক
Conversational computing,কথোপকথন কম্পিউটিং
Conversational language,কথোপকথন ভাষা
Conversational mode,কথোপকথন মোড
Conversational system,কথোপকথন সিস্টেম
Conversational terminal,কথোপকথন টার্মিনাল
Conversational time sharing,কথোপকথন সময় ভাগ করে নেওয়া
Conversion,রূপান্তর
Conversion cost,না হবে
Conversion device,রূপান্তর ডিভাইস
Conversion mode,রূপান্তর মোড
Conversion routine,রূপান্তর রুটিন
Convert,রূপান্তর
Converter,রূপান্তরকারী
Convex programming,উত্তল প্রোগ্রামিং
Coordinate addressed memory,সম্বোধন স্মৃতি সমন্বয়
Coordinate data,সমন্বয় ডেটা
Coordinate geometry language,জ্যামিতি ভাষা সমন্বয়
Coordinate graphics,গ্রাফিক্স সমন্বয়
Coordinate network,সমন্বয় নেটওয়ার্ক
Coordinate time scale,সময় স্কেল সমন্বয়
Copy,অনুলিপি
Cordless plug,কর্ডলেস প্লাগ
Cordonnier system,কর্ডোনিয়ার সিস্টেম
Core,মূল
Core dump,কোর ডাম্প
Core image,মূল চিত্র
Core image library,কোর ইমেজ লাইব্রেরি
Core memory,মূল স্মৃতি
Core network,কোর নেটওয়ার্ক
Co-resident,সহ-বাসিন্দা
Core storage,কোর স্টোরেজ
Core system,কোর সিস্টেম
Co-routine,সহ-রুটিন
Correct and copy,সঠিক এবং অনুলিপি
Correcting feature,সংশোধন বৈশিষ্ট্য
Correction,সংশোধন
Correction information,সংশোধন তথ্য
Corrective maintenance,সংশোধনী রক্ষণাবেক্ষণ
Corrective maintenance time,সংশোধনমূলক রক্ষণাবেক্ষণের সময়
Cost analysis,খরচ বিশ্লেষণ
Cost-center accounting,ব্যয়-কেন্দ্র অ্যাকাউন্টিং
Count,গণনা
Counter,কাউন্টার
Counter inhibit,কাউন্টার ইনহিবিট
Count-key-data device,কাউন্ট-কী-ডেটা ডিভাইস
Country code,কান্ট্রি কোড
Critical path method,জটিল পথ পদ্ধতি
Cross bar switch,ক্রস বার সুইচ
Cross bar system,ক্রস বার সিস্টেম
Cross check,ক্রস চেক
Cross compiler,ক্রস সংকলক
Cross domain communication,ক্রস ডোমেন যোগাযোগ
Cross fire,ক্রস ফায়ার
Cross foot,ক্রস পা
Cross footing test,ক্রস পাদদেশ পরীক্ষা
Cross point array,ক্রস পয়েন্ট অ্যারে
Cross sectional testing,ক্রস বিভাগীয় পরীক্ষা
Cross section of an array,একটি অ্যারের ক্রস বিভাগ
Cross software,ক্রস সফ্টওয়্যার
Cross subarea link,ক্রস সুবেরিয়া লিঙ্ক
Cross talk,ক্রস টক
Cross tracking,ক্রস ট্র্যাকিং
Crowding,ভিড়
Cryogenics,ক্রায়োজেনিক্স
Cryogenic storage,ক্রায়োজেনিক স্টোরেজ
Cryogenic store,ক্রায়োজেনিক স্টোর
Cryostat,ক্রিস্ট্যাট
Cryotron,ক্রিওট্রন
Cryptographic,ক্রিপ্টোগ্রাফিক
Cryptographic algorithm,ক্রিপ্টোগ্রাফিক অ্যালগরিদম
Cryptography,ক্রিপ্টোগ্রাফি
Cumulative index,ক্রমবর্ধমান সূচক
Currency symbol,মুদ্রার প্রতীক
Current beam position,বর্তমান মরীচি অবস্থান
Current connect group,বর্তমান সংযোগ গ্রুপ
Current generation,বর্তমান প্রজন্ম
"Current instruction
 Register","বর্তমান নির্দেশ
 নিবন্ধন"
"Current line
 Pointer","বর্তমান লাইন
 পয়েন্টার"
"Current loop (=
 Current antinode)","বর্তমান লুপ (=
 বর্তমান অ্যান্টিনোড)"
Current mode logic,বর্তমান মোড যুক্তি
Current record,বর্তমান রেকর্ড
Cursor,কার্সার
Cursor control key,কার্সার নিয়ন্ত্রণ কী
Curtate,পর্দা
Curve follower,বক্ররেখা অনুসরণকারী
Cushion,কুশন
Customer access area,গ্রাহক অ্যাক্সেস অঞ্চল
Customer information control system,গ্রাহক তথ্য নিয়ন্ত্রণ ব্যবস্থা
Customer premises equipment,গ্রাহক প্রাঙ্গণ সরঞ্জাম
Customer switching system,গ্রাহক স্যুইচিং সিস্টেম
Cut form,কাটা ফর্ম
Cut forms mode,কাটা ফর্ম মোড
Cut method,কাটা পদ্ধতি
Cut off,বিছিন্ন করা
Cybernation,সাইবারনেশন
Cybernetics,সাইবারনেটিক্স
Cycle,সাইকেল
Cycle count,চক্র গণনা
Cycle index,চক্র সূচক
Cycle memory,চক্র মেমরি
Cycle microprogramming,চক্র মাইক্রোপ্রোগ্রামিং
Cycle reset,চক্র পুনরায় সেট করুন
Cycle sharing,চক্র ভাগ করে নেওয়া
Cycle steal,চক্র চুরি
Cycle stealing,চক্র চুরি
Cycle time,চক্রাকারে
Cyclic code,চক্রীয় কোড
Cyclic redundancy check,চক্রীয় রিডানডেন্সি চেক
Cyclic shift,চক্রীয় শিফট
Cyclic storage,চক্রীয় স্টোরেজ
Cyclic transfer,চক্রীয় স্থানান্তর
Cylinder concept,সিলিন্ডার ধারণা
Character,চরিত্র
Coded decimal,কোডেড দশমিক
Daisy chain,ডেইজি চেইন
Daisy print wheel,ডেইজি প্রিন্ট হুইল
Daisy wheel,ডেইজি হুইল
Damping,স্যাঁতসেঁতে
Data,ডেটা
Data above voice,ভয়েস উপরের ডেটা
Data access arrangement,ডেটা অ্যাক্সেসের ব্যবস্থা
Data acquisition,তথ্য অর্জন
Data acquisition computer,ডেটা অধিগ্রহণ কম্পিউটার
Data adaption unit,ডেটা অ্যাডাপশন ইউনিট
Data administrator,ডেটা প্রশাসক
Data aggregate,ডেটা সমষ্টি
Data area,ডেটা অঞ্চল
Data array,ডেটা অ্যারে
Data attribute,ডেটা বৈশিষ্ট্য
Data bank,ডাটা
Database,তথ্যশালা
Database administration,ডাটাবেস প্রশাসন
Database management,ডাটাবেস ব্যবস্থাপনা
Database management system,ডাটাবেস ম্যানেজমেন্ট সিস্টেম
Data block,ডেটা ব্লক
Data break (=direct memory access),ডেটা ব্রেক (= সরাসরি মেমরি অ্যাক্সেস)
Data buffer register,ডেটা বাফার রেজিস্টার
Data capture,তথ্য সংগ্রহ
Data card,তথ্য কার্ড
Data carrier,তথ্য ক্যারিয়ার
Data cell,ডেটা সেল
Data channel,ডেটা চ্যানেল
Data channel multiplexer,ডেটা চ্যানেল মাল্টিপ্লেক্সার
Data circuit,ডেটা সার্কিট
Data circuit transparency,ডেটা সার্কিট স্বচ্ছতা
Data code,ডেটা কোড
Data collection,তথ্য সংগ্রহ
Data collection station,ডেটা সংগ্রহ স্টেশন
Data collection system,ডেটা সংগ্রহ সিস্টেম
"Data 
 Communication","ডেটা
 যোগাযোগ"
"Data
 Communication
 Channel","ডেটা
 যোগাযোগ
 চ্যানেল"
"Data
 Communication
 Equipment","ডেটা
 যোগাযোগ
 সরঞ্জাম"
"Data
 Communication
 Interface","ডেটা
 যোগাযোগ
 ইন্টারফেস"
"Data
 Communication
 Network","ডেটা
 যোগাযোগ
 অন্তর্জাল"
"Data
 Communication
 Service","ডেটা
 যোগাযোগ
 পরিষেবা"
Data compaction,ডেটা সংযোগ
Data compression,তথ্য সংকোচন
Data connection,তথ্য সংযোগ
Data constant,ডেটা ধ্রুবক
"Data
 Contamination","ডেটা
 দূষণ"
Data control,ডেটা নিয়ন্ত্রণ
Data control block,ডেটা নিয়ন্ত্রণ ব্লক
Data conversion,ডেটা রূপান্তর
Data convertor,ডেটা কনভার্টর
Data declaration,ডেটা ঘোষণা
"Data declaration
 Statement","ডেটা ঘোষণা
 বিবৃতি"
Data definition,ডেটা সংজ্ঞা
"Data definition
 Name","ডেটা সংজ্ঞা
 নাম"
"Data definition
 Statement","ডেটা সংজ্ঞা
 বিবৃতি"
Data delay,ডেটা বিলম্ব
Data delimiter,ডেটা ডিলিমিটার
Data density,ডেটা ঘনত্ব
"Data description 
 Entry","ডেটা বর্ণনা
 প্রবেশ"
"Data description 
 Language","ডেটা বর্ণনা
 ভাষা"
Data design,ডেটা ডিজাইন
Data device,ডেটা ডিভাইস
Data dictionary,তথ্য অভিধান
Data directed transmission,ডেটা নির্দেশিত সংক্রমণ
Data display unit,ডেটা ডিসপ্লে ইউনিট
Data distribution system,ডেটা বিতরণ সিস্টেম
Data division,ডেটা বিভাগ
Data element,ডেটা উপাদান
Data element chain,ডেটা উপাদান চেইন
"Data encryption
 Key","তথ্য এনক্রিপশন
 চাবি"
"Data encryption
 Standard","তথ্য এনক্রিপশন
 স্ট্যান্ডার্ড"
Data entry,তথ্য অনুপ্রবেশ
Data entry device,ডেটা এন্ট্রি ডিভাইস
Data error,ডেটা ভুল
Data evaluation,ডেটা মূল্যায়ন
Data examination,ডেটা পরীক্ষা
Data exchange,তথ্য বিনিময়
Data field,উপাত্ত ক্ষেত্র
Data file,আমার স্নাতকের
Data flow,তথ্য প্রবাহ
Data flow chart,ডেটা ফ্লো চার্ট
Data flow control,ডেটা প্রবাহ নিয়ন্ত্রণ
Data flow diagram,তথ্য প্রবাহ চিত্র
Data format,উপাত্ত বিন্যাস
Data format item,ডেটা ফর্ম্যাট আইটেম
Data generator,ডেটা জেনারেটর
Datagram,ডেটাগ্রাম
Datagram service,ডেটাগ্রাম পরিষেবা
Data graphics,ডেটা গ্রাফিক্স
Data graphoscope,ডেটা গ্রাফোস্কোপ
Data handling,ডেটা হ্যান্ডলিং
"Data handling
 Capacity","ডেটা হ্যান্ডলিং
 ক্ষমতা"
Data hierarchy,ডেটা হায়ারার্কি
Data host (= host),ডেটা হোস্ট (= হোস্ট)
Data independence,ডেটা স্বাধীনতা
Data input,ডাটা প্রবেশ
Data input station,ডেটা ইনপুট স্টেশন
Data integrity,তথ্য অখণ্ডতা
Data interchange,ডেটা ইন্টারচেঞ্জ
Data in voice,কণ্ঠে ডেটা
"Data I/O
 Instruction","ডেটা I/O
 নির্দেশ"
Data item,ডেটা আইটেম
Data level,ডেটা স্তর
Data library,ডেটা লাইব্রেরি
"Data link control
 Character","ডেটা লিঙ্ক নিয়ন্ত্রণ
 চরিত্র"
"Data link escape
 Character","ডেটা লিঙ্ক এস্কেপ
 চরিত্র"
Data link layer,ডেটা লিঙ্ক স্তর
Data list,ডেটা তালিকা
Data logging,তথ্য লগিং
Data management,ডাটা ব্যাবস্থাপনা
"Data management
 Program","ডাটা ব্যাবস্থাপনা
 কার্যক্রম"
"Data management
 System","ডাটা ব্যাবস্থাপনা
 পদ্ধতি"
Data manipulating,ডেটা ম্যানিপুলেটিং
"Data manipulation
 Language","ডেটা ম্যানিপুলেশন
 ভাষা"
Data masking,ডেটা মাস্কিং
Datamatic computer,ডেটাম্যাটিক কম্পিউটার
Datamation,ডেটিমেশন
Data medium,ডেটা মিডিয়াম
Data migration,তথ্য স্থানান্তর
Data mode,ডেটা মোড
"Data move
 Instruction","ডেটা সরানো
 নির্দেশ"
Data multiplexer,ডেটা মাল্টিপ্লেক্সার
Data name,ডেটা নাম
Data network,তথ্য জালিকা
Data operation,ডেটা অপারেশন
Data organisation,ডেটা সংস্থা
Data origination,ডেটা উত্স
Data output,ডেটা আউটপুট
Data path,ডেটা পাথ
Data phase,ডেটা ফেজ
Dataphone,ডেটাফোন
Data plotter,ডেটা চক্রান্তকারী
Data pointer,ডেটা পয়েন্টার
Data preparation,ডেটা প্রস্তুতি
"Data preparation
 Device","ডেটা প্রস্তুতি
 যন্ত্র"
Data processing,তথ্য প্রক্রিয়াজাতকরণ
"Data processing
 Centre","তথ্য প্রক্রিয়াজাতকরণ
 কেন্দ্র"
"Data processing
 Cycle","তথ্য প্রক্রিয়াজাতকরণ
 সাইকেল"
"Data processing
 Machine","তথ্য প্রক্রিয়াজাতকরণ
 মেশিন"
"Data processing
 Node","তথ্য প্রক্রিয়াজাতকরণ
 নোড"
"Data processing
 Station","তথ্য প্রক্রিয়াজাতকরণ
 স্টেশন"
"Data processing
 System","তথ্য প্রক্রিয়াজাতকরণ
 পদ্ধতি"
Data processor,ডাটা প্রসেসর
Data protection,তথ্য সুরক্ষা
Data purification,ডেটা পরিশোধন
Data radio,ডেটা রেডিও
Data receiver,ডেটা রিসিভার
Data record,ডেটা রেকর্ড
Data reduction,তথ্য হ্রাস
Data register,ডেটা রেজিস্টার
Data reliability,ডেটা নির্ভরযোগ্যতা
"Data
 Representation","ডেটা
 প্রতিনিধিত্ব"
Data reproduction,ডেটা প্রজনন
Data retrieval,ডেটা পুনরুদ্ধার
"Data review
 Control","ডেটা পর্যালোচনা
 নিয়ন্ত্রণ"
Data security,তথ্য নিরাপত্তা
Data separator,ডেটা বিভাজক
Data set,ডেটা সেট
Data set clocking,ডেটা সেট ক্লকিং
"Data set definition
 Table","ডেটা সেট সংজ্ঞা
 টেবিল"
Data set label,ডেটা সেট লেবেল
Data set name,ডেটা সেট নাম
"Data set
 Organisation","ডেটা সেট
 সংগঠন"
"Data set reference
 Number","ডেটা সেট রেফারেন্স
 সংখ্যা"
Data set security,ডেটা সেট সুরক্ষা
"Data set utility
 Program","ডেটা সেট ইউটিলিটি
 কার্যক্রম"
Data signal,ডেটা সিগন্যাল
Data signalling rate,ডেটা সিগন্যালিং হার
Data sink,ডেটা সিঙ্ক
Data source,তথ্য সূত্র
Data specification,ডেটা স্পেসিফিকেশন
Data station,ডেটা স্টেশন
Data storage,তথ্য ভান্ডার
"Data storage
 Structure","তথ্য ভান্ডার
 কাঠামো"
Data stream,তথ্য প্রবাহ
Data structure,তথ্য কাঠামো
"Data structure
 Diagram","তথ্য কাঠামো
 চিত্র"
Data switch,ডেটা স্যুইচ
"Data switching
 Centre","ডেটা স্যুইচিং
 কেন্দ্র"
"Data switching
 Exchange","ডেটা স্যুইচিং
 বিনিময়"
Data tablet,ডেটা ট্যাবলেট
Data terminal,ডেটা টার্মিনাল
"Data terminal
 Equipment","ডেটা টার্মিনাল
 সরঞ্জাম"
Data time,ডেটা সময়
Data transcription,ডেটা ট্রান্সক্রিপশন
"Data transcription
 Device","ডেটা ট্রান্সক্রিপশন
 যন্ত্র"
Data transfer,তথ্য স্থানান্তর
"Data transfer
 Phase","তথ্য স্থানান্তর
 পর্যায়"
Data transfer rate,ডেটা স্থানান্তর হার
"Data transfer
 Register","তথ্য স্থানান্তর
 নিবন্ধন"
Data transmission,ডেটা ট্রান্সমিশন
"Data transmission
 Channel","ডেটা ট্রান্সমিশন
 চ্যানেল"
"Data transmission
 Facility","ডেটা ট্রান্সমিশন
 সুবিধা"
"Data transmission
 Interface","ডেটা ট্রান্সমিশন
 ইন্টারফেস"
"Data transmission
 Line","ডেটা ট্রান্সমিশন
 লাইন"
"Data transmission
 Service","ডেটা ট্রান্সমিশন
 পরিষেবা"
"Data transmission
 Trap","ডেটা ট্রান্সমিশন
 ফাঁদ"
Datatron,ডেটাট্রন
Data type,ডেটা টাইপ
Data under voice,কণ্ঠের অধীনে ডেটা
Data unit,ডেটা ইউনিট
Data validation,তথ্য বৈধতা
Data word,ডেটা ওয়ার্ড
Dating routine,ডেটিং রুটিন
Datum,ডেটুম
Datum line,ডেটাম লাইন
Decimal point,দশমিক বিন্দু
Deactivation,নিষ্ক্রিয়করণ
Dead band,ডেড ব্যান্ড
Dead file,মৃত ফাইল
Dead lock,মৃত লক
Dead time,মৃত সময়
Dead zone,মৃত এলাকা
Dead zone unit,ডেড জোন ইউনিট
Deblock,Deblock
Debug,ডিবাগ
Debugger,ডিবাগার
Debugging aid,ডিবাগিং সহায়তা
"Debugging aid
 Routine","ডিবাগিং সহায়তা
 রুটিন"
"Debugging 
 Language","ডিবাগিং
 ভাষা"
Debugging memory dump,ডিবাগিং মেমরি ডাম্প
Debugging output,ডিবাগিং আউটপুট
Debug macros,ডিবাগ ম্যাক্রোস
Debug statement,ডিবাগ বিবৃতি
Decade,দশক
Decade counter,দশকের কাউন্টার
Decision table language,সিদ্ধান্ত টেবিল ভাষা
Deceleration time,হ্রাস সময়
"Decentralised
 Information
 System","বিকেন্দ্রীভূত
 তথ্য
 পদ্ধতি"
Decibel,ডেসিবেল
Decidability,সিদ্ধান্ত
Decimal arithmetic operation,দশমিক গাণিতিক অপারেশন
Decimal alignment,দশমিক প্রান্তিককরণ
Decimal digit,দশমিক অঙ্ক
Decimal marker,দশমিক চিহ্নিতকারী
Decimal notation,দশমিক স্বরলিপি
Decimal numeral,দশমিক সংখ্যা
"Decimal
 Numeration
 System","দশমিক
 সংখ্যা
 পদ্ধতি"
"Decimal picture
 Data","দশমিক ছবি
 ডেটা"
Decimal symbol,দশমিক প্রতীক
Decipher,ডেসিফার
Decision,সিদ্ধান্ত
Decision box,সিদ্ধান্ত বাক্স
Decision circuit,সিদ্ধান্ত সার্কিট
Decision content,সিদ্ধান্তের বিষয়বস্তু
Decision element,সিদ্ধান্তের উপাদান
"Decision
 Instruction","সিদ্ধান্ত
 নির্দেশ"
"Decision
 Kmechanism","সিদ্ধান্ত
 Kmechanism"
Decision language,সিদ্ধান্তের ভাষা
Decision logic,সিদ্ধান্ত যুক্তি
"Decision logic
 Translator","সিদ্ধান্ত যুক্তি
 অনুবাদক"
Decision principle,সিদ্ধান্ত নীতি
Decision rule,সিদ্ধান্তের নিয়ম
"Decision
 Simulation","সিদ্ধান্ত
 সিমুলেশন"
Decision structure,সিদ্ধান্ত কাঠামো
Decision table,সিদ্ধান্ত টেবিল
Decision theory,সিদ্ধান্ত তত্ত্ব
Decision constant,সিদ্ধান্ত স্থির
Decoder,ডিকোডার
"Decoding
 Instruction","ডিকোডিং
 নির্দেশ"
Decollate,ডিকোললেট
Decollator,ডিকোলেটর
Deconcentration,ডিকনসেন্ট্রেশন
Decrement,হ্রাস
Decrypt,ডিক্রিপ্ট
Decurl,ডিকুরল
Dedicated channel,ডেডিকেটেড চ্যানেল
Dedicated circuit,ডেডিকেটেড সার্কিট
"Dedicated
 Connection","নিবেদিত
 সংযোগ"
Dedicated deviced,ডেডিকেটেড ডিভাইসড
Dedicated line,ডেডিকেটেড লাইন
Dedicated port,ডেডিকেটেড পোর্ট
Dedicated register,ডেডিকেটেড রেজিস্টার
Default,ডিফল্ট
Default group,ডিফল্ট গ্রুপ
Default option,ডিফল্ট বিকল্প
Default parameter,ডিফল্ট প্যারামিটার
Default value,ডিফল্ট মান
"Deferred
 Addressing","বিলম্বিত
 সম্বোধন"
Deferred entry,স্থগিত এন্ট্রি
Deferred exit,স্থগিত প্রস্থান
"Deferred
 Maintenance","বিলম্বিত
 রক্ষণাবেক্ষণ"
"Deferred
Maintenance
Time","বিলম্বিত
রক্ষণাবেক্ষণ
সময়"
"Deferred
 Processing","বিলম্বিত
 প্রক্রিয়াজাতকরণ"
Deferred restart,স্থগিত পুনঃসূচনা
Defined item,সংজ্ঞায়িত আইটেম
Definite network,নির্দিষ্ট নেটওয়ার্ক
Deflection plate,ডিফ্লেশন প্লেট
Degauss,দেগস
Degausser,দেগুসার
Degeneracy,অবক্ষয়
Degradation factor,অবক্ষয় ফ্যাক্টর
"Degree of multi-
 Programming","বহু ডিগ্রি
 প্রোগ্রামিং"
Delay,বিলম্ব
Delay counter,বিলম্ব কাউন্টার
Delay differential,ডিফারেনশিয়াল বিলম্ব
Delay digit,বিলম্বের সংখ্যা
Delay distortion,বিলম্ব বিকৃতি
Delay element,বিলম্ব উপাদান
Delay equaliser,বিলম্ব সমান
Delayline,বিলম্ব
Delay line memory,বিলম্ব লাইন মেমরি
Delay line register,বিলম্ব লাইন রেজিস্টার
Delay line storage,বিলম্ব লাইন স্টোরেজ
Delay loop store,বিলম্ব লুপ স্টোর
"Delay
 Programming","বিলম্ব
 প্রোগ্রামিং"
Delay time,বিলম্ব সময়
"Deleave
 (= Decollate)","ডিলিভ
 (= ডিকোললেট)"
Delete,মুছে ফেলা
Delete character,চরিত্র মুছুন
Delete key,কী মুছুন
Deletion record,মুছে ফেলার রেকর্ড
Delimiter,ডিলিমিটার
"Delimiter
 Statement","ডিলিমিটার
 বিবৃতি"
Delivery time,বিতরণ সময়
Delta modulation,ডেল্টা মড্যুলেশন
Delta noise,ডেল্টা শব্দ
Demand,চাহিদা
Demand fetching,চাহিদা আনতে
Demand paging,চাহিদা পেজিং
"Demand
 Processing","চাহিদা
 প্রক্রিয়াজাতকরণ"
Demand staging,চাহিদা মঞ্চ
Demarcation strip,সীমানা স্ট্রিপ
Demodulation,ডিমোডুলেশন
Demodulator,ডেমোডুলেটর
"Demographic
 Application","ডেমোগ্রাফিক
 আবেদন"
Demount,ডেমাউন্ট
Demultiplexing,ডেমাল্টিপ্লেক্সিং
Dense list,ঘন তালিকা
Density,ঘনত্ব
Dependency theory,নির্ভরতা তত্ত্ব
"Dependent
 Segment","নির্ভরশীল
 বিভাগ"
Dependent unit,নির্ভর ইউনিট
Deque,ডেক
Derning,ডেরিং
Descender,অবতরণ
Descending sort,অবতরণ বাছাই
Description,বর্ণনা
Description list,বিবরণ তালিকা
Descriptor,বর্ণনাকারী
Design,নকশা
Designating device,ডিজাইন করা ডিভাইস
Design modem,ডিজাইন মডেম
"Design
 Optimization","নকশা
 অপ্টিমাইজেশন"
Design secrecy,নকশা গোপনীয়তা
Design simulation,ডিজাইন সিমুলেশন
Desired value,কাঙ্ক্ষিত মান
Desk calculator,ডেস্ক ক্যালকুলেটর
Desk checking,ডেস্ক চেকিং
Desk top computer,ডেস্কটপ কম্পিউটার
Despatch,প্রেরণ
Destination,গন্তব্য
"Destination
 Address","গন্তব্য
 ঠিকানা"
Destination code,গন্তব্য কোড
Destination field,গন্তব্য ক্ষেত্র
Destination file,গন্তব্য ফাইল
Destination station,গন্তব্য স্টেশন
Destrucaddition,ধ্বংস
Destructive cursor,ধ্বংসাত্মক কার্সার
Destructive read,ধ্বংসাত্মক পড়া
Destructive storage,ধ্বংসাত্মক স্টোরেজ
Detab,ডিটাব
Detail card,বিশদ কার্ড
Detail file,বিশদ ফাইল
Detap,ডিট্যাপ
Detectable element,সনাক্তকরণযোগ্য উপাদান
"Deterministic
 Automata","ডিটারমিনিস্টিক
 অটোমেটা"
"Deterministic
 Machine","ডিটারমিনিস্টিক
 মেশিন"
"Deterministic
 Model","ডিটারমিনিস্টিক
 মডেল"
"Deterministic
 Problem","ডিটারমিনিস্টিক
 সমস্যা"
"Deterministic
 Process","ডিটারমিনিস্টিক
 প্রক্রিয়া"
"Deterministic
 Program","ডিটারমিনিস্টিক
 কার্যক্রম"
"Deterministic
 Programming","ডিটারমিনিস্টিক
 প্রোগ্রামিং"
"Deterministic
 Sequencing
 Problem","ডিটারমিনিস্টিক
 সিকোয়েন্সিং
 সমস্যা"
"Deterministic
 Situation","ডিটারমিনিস্টিক
 অবস্থা"
"Development
 System","উন্নয়ন
 পদ্ধতি"
Development time,উন্নয়নের সময়
Development tool,উন্নয়ন সরঞ্জাম
"Deviation from
 Linearity","থেকে বিচ্যুতি
 লিনিয়ারিটি"
Device,যন্ত্র
Device address,ডিভাইস ঠিকানা
Device backup,ডিভাইস ব্যাকআপ
"Device control
 Character","ডিভাইস নিয়ন্ত্রণ
 চরিত্র"
Device controller,ডিভাইস নিয়ামক
Device control unit,ডিভাইস নিয়ন্ত্রণ ইউনিট
Device coordinate,ডিভাইস সমন্বয়
Device-dependent,ডিভাইস-নির্ভর
"Device dependent
 Program","ডিভাইস নির্ভর
 কার্যক্রম"
Device flag,ডিভাইস পতাকা
"Device
 Independence","যন্ত্র
 স্বাধীনতা"
"Device 
 Independent","যন্ত্র
 স্বতন্ত্র"
"Device
 Independence
 Program","যন্ত্র
 স্বাধীনতা
 কার্যক্রম"
"Device line
 (=Display line)","ডিভাইস লাইন
 (= প্রদর্শন লাইন)"
"Device media
 Control language","ডিভাইস মিডিয়া
 নিয়ন্ত্রণ ভাষা"
Device name,ডিভাইসের নাম
Device number,ডিভাইস সংখ্যা
Device queue,ডিভাইস সারি
Device status word,ডিভাইসের স্থিতি শব্দ
Device type,ডিভাইসের ধরন
"Diadic boolean
 Operation","ডায়ডিক বুলিয়ান
 অপারেশন"
Diagnosis,রোগ নির্ণয়
Diagnostic check,ডায়াগনস্টিক চেক
"Diagnostic function
 Test","ডায়াগনস্টিক ফাংশন
 পরীক্ষা"
Diagnostic mechanism,ডায়াগনস্টিক মেকানিজম
"Diagnostic
 Message","ডায়াগনস্টিক
 বার্তা"
"Diagnostic
 Program","ডায়াগনস্টিক
 কার্যক্রম"
Diagnostic routine,ডায়াগনস্টিক রুটিন
Diagnostics,কারণ নির্ণয়
"Diagnostic
 Technique","ডায়াগনস্টিক
 প্রযুক্তি"
Diagnostic test,ডায়গনিস্টিক পরীক্ষা
Diagram,চিত্র
Dial,ডায়াল
Dialed line,ডায়াল লাইন
Dial exchange,ডায়াল এক্সচেঞ্জ
Dialing,ডায়ালিং
Dial line,ডায়াল লাইন
Dialog,কথোপকথন
Dial pulse,ডাল ডাল
"Dial repeating
 Trunk","ডায়াল পুনরাবৃত্তি
 ট্রাঙ্ক"
Dial tone,ডায়াল টোন
Dial tone delay,ডায়াল টোন বিলম্ব
Dial transfer,ডায়াল স্থানান্তর
Dial-up,ডায়াল-আপ
Dial-up terminal,ডায়াল-আপ টার্মিনাল
Dibit,ডিবিট
Dichotomising search,ডাইকোটমাইজিং অনুসন্ধান
Dichotomy,দ্বৈতত্ত্ব
Dictionary,অভিধান
Difference engine,পার্থক্য ইঞ্জিন
"Difference
 Operation","পার্থক্য
 অপারেশন"
Difference report,পার্থক্য প্রতিবেদন
"Differential
 Analyzer","ডিফারেনশিয়াল
 বিশ্লেষক"
Differential delay,ডিফারেনশিয়াল বিলম্ব
Differential gear,ডিফারেনশিয়াল গিয়ার
"Differential
 Modulation","ডিফারেনশিয়াল
 মড্যুলেশন"
Differentiator,পার্থক্যকারী
Digit,অঙ্ক
Digital block,ডিজিটাল ব্লক
"Digital carrier
 System","ডিজিটাল ক্যারিয়ার
 পদ্ধতি"
"Digital
 Characteristic","ডিজিটাল
 বৈশিষ্ট্য"
Digital computer,ডিজিটাল কম্পিউটার
Digital data`,ডিজিটাল ডেটা `
"Digital data
 Switching","ডিজিটাল ডেটা
 স্যুইচিং"
Digital data system,ডিজিটাল ডেটা সিস্টেম
Digital facility,ডিজিটাল সুবিধা
"Digital facility
 Terminal","ডিজিটাল সুবিধা
 টার্মিনাল"
Digital filter,ডিজিটাল ফিল্টার
Digital graphics,ডিজিটাল গ্রাফিক্স
"Digital incremental
 Plotter","ডিজিটাল ইনক্রিমেন্টাল
 চক্রান্তকারী"
Digital line path,ডিজিটাল লাইন পাথ
Digital line section,ডিজিটাল লাইন বিভাগ
"Digital multiplex
 Equipment","ডিজিটাল মাল্টিপ্লেক্স
 সরঞ্জাম"
"Digital optical
 Recording","ডিজিটাল অপটিক্যাল
 রেকর্ডিং"
Digital picture,ডিজিটাল ছবি
Digital radio path,ডিজিটাল রেডিও পাথ
Digital radio section,ডিজিটাল রেডিও বিভাগ
Digital read-out,ডিজিটাল রিড-আউট
Digital recorder,ডিজিটাল রেকর্ডার
"Digital
 Representation","ডিজিটাল
 প্রতিনিধিত্ব"
Digital section,ডিজিটাল বিভাগ
Digital signal,ডিজিটাল সিগন্যাল
Digital signature,ডিজিটাল স্বাক্ষর
Digital sort,ডিজিটাল বাছাই
"Digital storage
 Element","ডিজিটাল স্টোরেজ
 উপাদান"
"Digital storage
 Media","ডিজিটাল স্টোরেজ
 মিডিয়া"
Digital switching,ডিজিটাল স্যুইচিং
"Digital termination
 System","ডিজিটাল সমাপ্তি
 পদ্ধতি"
"Digital to analog
 Converter","অ্যানালগ থেকে ডিজিটাল
 রূপান্তরকারী"
"Digital
 Transmission","ডিজিটাল
 সংক্রমণ"
Digit arithmetic,অঙ্ক গাণিতিক
Digit compression,অঙ্ক সংকোচনের
Digit delay element,ডিজিট বিলম্বের উপাদান
Digitization,ডিজিটাইজেশন
Digitization speech,ডিজিটাইজেশন বক্তৃতা
Digitize,ডিজিটাইজ
Digitizer,ডিজিটাইজার
Digit period,অঙ্কের সময়কাল
Digit place,অঙ্কের জায়গা
Digit position,অঙ্কের অবস্থান
Digit punch,অঙ্ক পাঞ্চ
"Digit
 Rearrangement","অঙ্ক
 পুনর্বিন্যাস"
Digit time,অঙ্কের সময়
"Digit-to-analog
 Conversion","ডিজিট-টু-অ্যানালগ
 রূপান্তর"
Digroup,ডিগ্রুপ
Dimension,মাত্রা
"Diminished radix
 Complement","হ্রাস রেডিক্স
 পরিপূরক"
Diplexer,ডিপ্লেক্সার
Dipole antenna,ডিপোল অ্যান্টেনা
Dipole modulation,ডিপোল মড্যুলেশন
Direct access,সরাসরি অ্যাক্সেস
"Direct access
 Arrangement","সরাসরি অ্যাক্সেস
 ব্যবস্থা"
"Direct access
 Enquiry","সরাসরি অ্যাক্সেস
 অনুসন্ধান"
Direct access hash,সরাসরি অ্যাক্সেস হ্যাশ
"Direct access
 Method","সরাসরি অ্যাক্সেস
 পদ্ধতি"
"Direct access
 Storage","সরাসরি অ্যাক্সেস
 স্টোরেজ"
Direct address,সরাসরি ঠিকানা
Direct addressing,সরাসরি ঠিকানা
Direct call,সরাসরি কল
Direct code,সরাসরি কোড
Direct coding,সরাসরি কোডিং
"Direct coupled
 Flip-flop","সরাসরি মিলিত
 ফ্লিপ-ফ্লপ"
Direct coupling,সরাসরি কাপলিং
"Direct data
 Organisation","সরাসরি ডেটা
 সংগঠন"
Direct data set,সরাসরি ডেটা সেট
Direct device,সরাসরি ডিভাইস
"Direct digital
 Control","সরাসরি ডিজিটাল
 নিয়ন্ত্রণ"
"Direct distance
 Dialing","সরাসরি দূরত্ব
 ডায়ালিং"
"Directed beam
 Scan","নির্দেশিত মরীচি
 স্ক্যান"
Directed graph,নির্দেশিত গ্রাফ
Directed scan,নির্দেশিত স্ক্যান
"Direct-entry
 Terminal","ডাইরেক্ট-এন্ট্রি
 টার্মিনাল"
"Direct hierarchy
 Control","সরাসরি শ্রেণিবিন্যাস
 নিয়ন্ত্রণ"
"Direct insert
 Routine","সরাসরি সন্নিবেশ
 রুটিন"
"Direct insert
 Subroutine","সরাসরি সন্নিবেশ
 Subroutine"
Direct instruction,সরাসরি নির্দেশ
Directional coupler,দিকনির্দেশক কাপলার
Directive,নির্দেশ
"Direct keying
 Device","ডাইরেক্ট কেইং
 যন্ত্র"
"Direct memory
 Access","সরাসরি স্মৃতি
 অ্যাক্সেস"
"Direct numerical 
 Control","সরাসরি সংখ্যা
 নিয়ন্ত্রণ"
Directory,ডিরেক্টরি
"Directory
 Assistance bureau","ডিরেক্টরি
 সহায়তা ব্যুরো"
"Directory
 Assistance
 Operator","ডিরেক্টরি
 সহায়তা
 অপারেটর"
Directory device,ডিরেক্টরি ডিভাইস
"Direct outward
 Dialing","সরাসরি বাহ্যিক
 ডায়ালিং"
Direct percentage,প্রত্যক্ষ শতাংশ
"Direct point
 Repeater","সরাসরি পয়েন্ট
 রিপিটার"
"Direct transmission
 Satellite","সরাসরি সংক্রমণ
 স্যাটেলাইট"
Direct voice input,সরাসরি ভয়েস ইনপুট
Disabled module,অক্ষম মডিউল
Disabling signal,অক্ষম সংকেত
Disaggregation,একীকরণ
Disassembler,ডিসসেম্বলার
Disaster dump,বিপর্যয় ডাম্প
Discrete data,পৃথক ডেটা
Discrete device,পৃথক ডিভাইস
"Discrete Fourier
 Transform","বিচ্ছিন্ন ফুরিয়ার
 রূপান্তর"
"Discrete
 Programming","বিচ্ছিন্ন
 প্রোগ্রামিং"
"Discrete
 Representation","বিচ্ছিন্ন
 প্রতিনিধিত্ব"
"Discretionary
 Hyphen","বিচক্ষণ
 হাইফেন"
Discretization,বিচক্ষণতা
"Discretization
 Error","বিচক্ষণতা
 ত্রুটি"
"Discriminant
 Analysis","বৈষম্যমূলক
 বিশ্লেষণ"
"Discrimination
 Instruction","বৈষম্য
 নির্দেশ"
Discriminator,বৈষম্যমূলক
Disjunction,বিচ্ছিন্নতা
Disk accessing,ডিস্ক অ্যাক্সেস
Disk-based,ডিস্ক ভিত্তিক
"Disk controller
 Card","ডিস্ক কন্ট্রোলার
 কার্ড"
Diskette,ডিস্কেট
"Diskette-formatted
 Tape","ডিস্কেট-ফর্ম্যাটেড
 টেপ"
Diskette hard hole,ডিস্কেট হার্ড গর্ত
Diskette storage,ডিসকেট স্টোরেজ
"Diskette storage
 Device","ডিসকেট স্টোরেজ
 যন্ত্র"
Disk file,ডিস্ক ফাইল
"Data
 Communication
 Interface","ডেটা
 যোগাযোগ
 ইন্টারফেস"
"Disk operating
 System","ডিস্ক অপারেটিং
 পদ্ধতি"
Disk pack,ডিস্ক প্যাক
Disk sector,ডিস্ক সেক্টর
Disk sorting,ডিস্ক বাছাই
Disk storage,ডিস্ক স্টোরেজ
Disk storage device,ডিস্ক স্টোরেজ ডিভাইস
"Disk storage
 Module","ডিস্ক স্টোরেজ
 মডিউল"
"Disk-to-printer
 Utility","ডিস্ক-টু-প্রিন্টার
 ইউটিলিটি"
Disk unit,ডিস্ক ইউনিট
Disk volume,ডিস্ক ভলিউম
Dispatch,প্রেরণ
Dispatcher,প্রেরণকারী
Dispatching area,প্রেরণ অঞ্চল
"Dispatching
 Priority","প্রেরণ
 অগ্রাধিকার"
"Dispersed
 Intelligence","ছত্রভঙ্গ
 বুদ্ধি"
Dispersion,বিচ্ছুরণ
"Display and
 Printing
 Calculator","প্রদর্শন এবং
 মুদ্রণ
 ক্যালকুলেটর"
Display attribute,প্রদর্শন বৈশিষ্ট্য
"Display
 Background","প্রদর্শন
 পটভূমি"
Display calculator,ক্যালকুলেটর প্রদর্শন করুন
Display center,প্রদর্শন কেন্দ্র
"Display character
 Generator","প্রদর্শন চরিত্র
 জেনারেটর"
Display column,প্রদর্শন কলাম
Display command,প্রদর্শন কমান্ড
Display component,প্রদর্শন উপাদান
Display console,কনসোল প্রদর্শন
Display cycle,প্রদর্শন চক্র
Display cycle time,চক্র সময় প্রদর্শন
Display device,প্রদর্শনকারী যন্ত্র
Display drum,ড্রাম প্রদর্শন
Display element,প্রদর্শন উপাদান
Display field,প্রদর্শন ক্ষেত্র
Display foreground,অগ্রভাগ প্রদর্শন
Display frame,প্রদর্শন ফ্রেম
Display group,প্রদর্শন গ্রুপ
Display image,চিত্র প্রদর্শন করুন
Display line,প্রদর্শন লাইন
Display order,প্রদর্শন আদেশ
Display panel,প্রদর্শন প্যানেল
Display position,প্রদর্শন অবস্থান
"Display processing
 Unit","প্রদর্শন প্রক্রিয়াজাতকরণ
 ইউনিট"
"Display recall
 Control","প্রদর্শন পুনরুদ্ধার
 নিয়ন্ত্রণ"
Display segment,বিভাগ প্রদর্শন
Display space,স্থান প্রদর্শন
Display surface,পৃষ্ঠতল প্রদর্শন
Display terminal,টার্মিনাল প্রদর্শন করুন
Display tube,টিউব প্রদর্শন করুন
Display unit,প্রদর্শনী একক
Dissuasion tone,অসন্তুষ্ট স্বর
Distination field,পাতন ক্ষেত্র
Distination file,পাতন ফাইল
Distinctive ringing,স্বতন্ত্র বাজানো
Distortion,বিকৃতি
"Distributed
 Computing","বিতরণ
 কম্পিউটিং"
"Distributed data
 Processing","বিতরণ ডেটা
 প্রক্রিয়াজাতকরণ"
Distributed data-processing network,বিতরণ করা ডেটা-প্রসেসিং নেটওয়ার্ক
"Distributed
 Function","বিতরণ
 ফাংশন"
"Distributed
 Intelligence","বিতরণ
 বুদ্ধি"
Distributed logic,বিতরণ যুক্তি
"Distributed
 Network","বিতরণ
 অন্তর্জাল"
"Distributed
 Processing","বিতরণ
 প্রক্রিয়াজাতকরণ"
"Distributed
 Processing
 Network","বিতরণ
 প্রক্রিয়াজাতকরণ
 অন্তর্জাল"
"Distributed
 Processor","বিতরণ
 প্রসেসর"
Distributing frame,বিতরণ ফ্রেম
Distribution cable,বিতরণ কেবল
Distribution frame,বিতরণ ফ্রেম
Diversity,বৈচিত্র্য
Diversity combiner,বৈচিত্র্য কম্বাইনার
Divide check,ভাগ করুন চেক
Divided slit scan,বিভক্ত স্লিট স্ক্যান
Division header,বিভাগ শিরোনাম
"Division-reminder
 Method","বিভাগ-রিমাইন্ডার
 পদ্ধতি"
Divisor,বিভাজক
Document,নথি
"Document
 Assembly","নথি
 সমাবেশ"
Documentation,ডকুমেন্টেশন
"Documentation
 Book","ডকুমেন্টেশন
 বই"
"Documentation
Program","ডকুমেন্টেশন
কার্যক্রম"
"Documentation
 Type","ডকুমেন্টেশন
 প্রকার"
"Document
 Handling","নথি
 হ্যান্ডলিং"
"Document leading
 Edge","নথি নেতৃত্ব
 প্রান্ত"
Document mark,ডকুমেন্ট মার্ক
"Document 
 Preparation","নথি
 প্রস্তুতি"
Document reader,ডকুমেন্ট রিডার
"Document
 Reference edge","নথি
 রেফারেন্স প্রান্ত"
Document retrieval,নথি পুনরুদ্ধার
Docuterm,ডকুটারম
"Domestic satellite
 Carrier","গার্হস্থ্য স্যাটেলাইট
 ক্যারিয়ার"
"Do-nothing
 Operation
 (=No-operation
 Instruction)","কিছু করনা
 অপারেশন
 (= নো-অপারেশন
 নির্দেশ)"
Dopant,ডোপ্যান্ট
"Dot- character
 Printer","বিন্দু- চরিত্র
 প্রিন্টার"
Dot matrix,ডট ম্যাট্রিক্স
"Dot printer
(= Matrix
 Printer)","ডট প্রিন্টার
(= ম্যাট্রিক্স
 প্রিন্টার)"
Double buffering,ডাবল বাফারিং
Double card,ডাবল কার্ড
"Double-dense
 Recording","ডাবল-ঘন
 রেকর্ডিং"
"Double-density
 Recording","ডাবল ঘনত্ব
 রেকর্ডিং"
"Double-ended
 Queue","ডাবল-এন্ড
 কিউ"
Double-entry card,ডাবল-এন্ট্রি কার্ড
"Double length
 Register","ডাবল দৈর্ঘ্য
 নিবন্ধন"
Double precision,দ্বিগুণ নির্ভুলতা
"Double precision
 Arithmetic","দ্বিগুণ নির্ভুলতা
 পাটিগণিত"
"Double precision
 Function","দ্বিগুণ নির্ভুলতা
 ফাংশন"
"Double precision
 Number","দ্বিগুণ নির্ভুলতা
 সংখ্যা"
"Double-pulse
 Recording","ডাবল-পালস
 রেকর্ডিং"
Double punch,ডাবল পাঞ্চ
Double rail logic,ডাবল রেল যুক্তি
Double register,ডাবল রেজিস্টার
"Double-sheet
 Detector","ডাবল শিট
 ডিটেক্টর"
"Double-sheet
 Ejector","ডাবল শিট
 ইজেক্টর"
Double-sided disk,ডাবল-পার্শ্বযুক্ত ডিস্ক
Double strike,ডাবল স্ট্রাইক
Double-word,ডাবল শব্দ
Doubly-linked ring,দ্বিগুণ লিঙ্কযুক্ত রিং
Down link,ডাউন লিঙ্ক
Down time,ডাউন সময়
"Downward
 Compatibility","নীচের দিকে
 সামঞ্জস্যতা"
"Downward
 Reference","নীচের দিকে
 রেফারেন্স"
Dragging,টেনে নিয়ে যাওয়া
Drift,প্রবাহ
Drift error,ড্রিফ্ট ত্রুটি
Drifting character,প্রবাহিত চরিত্র
Drop-dead halt,ড্রপ-ডেড হাল্ট
Drop in,ড্রপ ইন
Drop out,বাদ পড়া
Drop repeater,ড্রপ রিপিটার
Drop wire,ড্রপ তার
Drum drive,ড্রাম ড্রাইভ
Drum plotter,ড্রাম প্ল্যাটার
Drum printer,ড্রাম প্রিন্টার
Drum printing,ড্রাম প্রিন্টিং
Drum scanning,ড্রাম স্ক্যানিং
Drum sort,ড্রাম বাছাই
Drum storage,ড্রাম স্টোরেজ
Drum unit,ড্রাম ইউনিট
Dry running,শুকনো চলমান
Dual density,দ্বৈত ঘনত্ব
Dual intensity,দ্বৈত তীব্রতা
Duality,দ্বৈততা
Duality theorem,দ্বৈত তাত্ত্বিক
Dual operation,দ্বৈত অপারেশন
Dual port memory,দ্বৈত পোর্ট মেমরি
"Dual processor
 System","দ্বৈত প্রসেসর
 পদ্ধতি"
"Dual simplex
 Method","দ্বৈত সিমপ্লেক্স
 পদ্ধতি"
Dual system,দ্বৈত সিস্টেম
"Ducol-punched
 Card","ডুকল-পাঞ্চড
 কার্ড"
Dumb terminal,বোবা টার্মিনাল
Dummy address,ডামি ঠিকানা
Dummy argument,ডামি যুক্তি
Dummy check,ডামি চেক
"Dummy control
 Section","ডামি নিয়ন্ত্রণ
 অধ্যায়"
Dummy data set,ডামি ডেটা সেট
Dummy instruction,ডামি নির্দেশনা
Dummy section,ডামি বিভাগ
Dummy variable,ডামি পরিবর্তনশীল
Dump,ডাম্প
Dump and restart,ডাম্প এবং পুনরায় চালু করুন
Dump check,ডাম্প চেক
Dump point,ডাম্প পয়েন্ট
Dump routine,ডাম্প রুটিন
Duodecimal,ডুডেসিমাল
Duplex channel,দ্বৈত চ্যানেল
Duplex circuit,দ্বৈত সার্কিট
"Duplex
 Communication","দ্বৈত
 যোগাযোগ"
Duplex console,দ্বৈত কনসোল
Duplexed system,দ্বৈত সিস্টেম
Duplexing,দ্বৈত
Duplex operation,দ্বৈত অপারেশন
"Duplex
 Transmission","দ্বৈত
 সংক্রমণ"
Duplicate key,সদৃশ কী
Duplicate volume,সদৃশ ভলিউম
Duplication check,সদৃশ চেক
Duplication factor,সদৃশ ফ্যাক্টর
"Duplication of
 Facilities","এর সদৃশ
 সু্যোগ - সুবিধা"
Duplicator,সদৃশ
"Dyadic boolean
 Operation","ডায়াডিক বুলিয়ান
 অপারেশন"
Dyadic operation,ডায়াডিক অপারেশন
Dyadic operator,ডায়াডিক অপারেটর
Dynamic accuracy,গতিশীল নির্ভুলতা
"Dynamic address
 Translation","গতিশীল ঠিকানা
 অনুবাদ"
Dynamic allocation,গতিশীল বরাদ্দ
"Dynamic buffer
 Allocation","গতিশীল বাফার
 বরাদ্দ"
Dynamic buffering,গতিশীল বাফারিং
"Dynamic control
 Function","গতিশীল নিয়ন্ত্রণ
 ফাংশন"
Dynamic debug,গতিশীল ডিবাগ
"Dynamic device
 Reconfiguration","গতিশীল ডিভাইস
 পুনর্গঠন"
"Dynamic display
 Image","গতিশীল প্রদর্শন
 চিত্র"
Dynamic dump,গতিশীল ডাম্প
"Dynamic garbage
 Collection","গতিশীল আবর্জনা
 সংগ্রহ"
"Dynamic
 Instruction","গতিশীল
 নির্দেশ"
Dynamic loading,গতিশীল লোডিং
Dynamic memory,গতিশীল স্মৃতি
"Dynamic memory
 Allocation","গতিশীল স্মৃতি
 বরাদ্দ"
"Dynamic
 Parameter","গতিশীল
 প্যারামিটার"
Dynamic printout,গতিশীল প্রিন্টআউট
"Dynamic
 Programming","গতিশীল
 প্রোগ্রামিং"
Dynamic range,গতিশীল পরিসীমা
"Dynamic
 Relocation","গতিশীল
 স্থানান্তর"
Dynamic response,গতিশীল প্রতিক্রিয়া
"Dynamic
 Scheduling","গতিশীল
 সময়সূচী"
Dynamic stop,গতিশীল স্টপ
Dynamic storage,গতিশীল স্টোরেজ
"Dynamic storage
 Allocation","গতিশীল স্টোরেজ
 বরাদ্দ"
"Dynamic
 Subroutine","গতিশীল
 Subroutine"
"Dynamic support
 System","গতিশীল সমর্থন
 পদ্ধতি"
"Dynamic system
 Model","গতিশীল সিস্টেম
 মডেল"
"Dynamic virtual
 Memory system","গতিশীল ভার্চুয়াল
 মেমরি সিস্টেম"
Echo check,প্রতিধ্বনি চেক
Echo suppressor,প্রতিধ্বনি দমনকারী
"Econometric
 Application","একনোমেট্রিক
 আবেদন"
"Econometric
 Model","একনোমেট্রিক
 মডেল"
"Economic
 Application","অর্থনৈতিক
 আবেদন"
"Economics
 Computing","অর্থনীতি
 কম্পিউটিং"
"Economics
 Computing
 Network","অর্থনীতি
 কম্পিউটিং
 অন্তর্জাল"
Edge,প্রান্ত
Edge notched card,প্রান্ত খাঁজ কার্ড
Edge punched card,প্রান্ত খোঁচা কার্ড
Edit,সম্পাদনা
"Edit directed
 Transmission","নির্দেশিত সম্পাদনা
 সংক্রমণ"
Edited copy,সম্পাদিত অনুলিপি
Editing character,সম্পাদনা চরিত্র
Editing data,সম্পাদনা ডেটা
"Editing
 Information","সম্পাদনা
 তথ্য"
Editing session,সম্পাদনা অধিবেশন
Editing statement,সম্পাদনা বিবৃতি
Editing symbol,সম্পাদনা প্রতীক
Edition number,সংস্করণ নম্বর
Edit mode,সম্পাদনা মোড
Editor,সম্পাদক
Editor feature,সম্পাদক বৈশিষ্ট্য
"Editor micro
 Computer","সম্পাদক মাইক্রো
 কম্পিউটার"
Editor program,সম্পাদক প্রোগ্রাম
Edit phase,সম্পাদনা পর্ব
"Educational 
Technology","শিক্ষামূলক
প্রযুক্তি"
Edulcorate,এডুলকারেট
Effective byte,কার্যকর বাইট
"Effective data
 Transfer rate","কার্যকর ডেটা
 স্থানান্তর হার"
"Effective double
 Word","কার্যকর ডাবল
 শব্দ"
Effective half-word,কার্যকর অর্ধ-শব্দ
"Effective
 Instruction","কার্যকর
 নির্দেশ"
"Effective operand
 Address","কার্যকর অপারেন্ড
 ঠিকানা"
"Effective 
 Procedure","কার্যকর
 পদ্ধতি"
Effective speed,কার্যকর গতি
"Effective
 Transmission
 Speed","কার্যকর
 সংক্রমণ
 দ্রুততা"
Effective word,কার্যকর শব্দ
"Effective word
 Location","কার্যকর শব্দ
 অবস্থান"
Eight-bit byte,আট-বিট বাইট
"Either-way
 Communication","যেভাবে
 যোগাযোগ"
"Either-way
 Operation","যেভাবে
 অপারেশন"
Eject key,ইজেক্ট কী
Elastic buffer,ইলাস্টিক বাফার
"Electrical
 Accounting
 Machine","বৈদ্যুতিক
 অ্যাকাউন্টিং
 মেশিন"
"Electrical circuit
 Analysis program","বৈদ্যুতিক বর্তনী
 বিশ্লেষণ প্রোগ্রাম"
"Electrically
 Alterable memory","বৈদ্যুতিকভাবে
 পরিবর্তনযোগ্য মেমরি"
"Electromagnetic
 Compatibility","বৈদ্যুতিন চৌম্বক
 সামঞ্জস্যতা"
"Electromagnetic
 Delay time","বৈদ্যুতিন চৌম্বক
 বিলম্ব সময়"
"Electromagnetic
 Relay","বৈদ্যুতিন চৌম্বক
 রিলে"
"Electromechanical
 Impact printing","তড়িৎচক্র
 প্রভাব মুদ্রণ"
"Electromechanical
 Plotter","তড়িৎচক্র
 চক্রান্তকারী"
"Electromechanical
 Scanning","তড়িৎচক্র
 স্ক্যানিং"
"Electromechanical
 switching system","তড়িৎচক্র
 স্যুইচিং সিস্টেম"
Electromechanical toy,বৈদ্যুতিন খেলনা
"Electron-beam
 Recording","ইলেক্ট্রন মরীচি
 রেকর্ডিং"
"Electronic
 Accounting
 Machine","বৈদ্যুতিক
 অ্যাকাউন্টিং
 মেশিন"
"Electronic
 Automatic
 Exchange","বৈদ্যুতিক
 স্বয়ংক্রিয়
 বিনিময়"
"Electronic
 Calculator","বৈদ্যুতিক
 ক্যালকুলেটর"
"Electronic cash
 Register","বৈদ্যুতিন নগদ
 নিবন্ধন"
"Electronic chart
 Reader","বৈদ্যুতিন চার্ট
 পাঠক"
"Electronic data 
Processing","বৈদ্যুতিন ডেটা
প্রক্রিয়াজাতকরণ"
"Electronic data 
 Processing
 Machine","বৈদ্যুতিন ডেটা
 প্রক্রিয়াজাতকরণ
 মেশিন"
"Electronic data
 Processing
 System","বৈদ্যুতিন ডেটা
 প্রক্রিয়াজাতকরণ
 পদ্ধতি"
Electronic filling,বৈদ্যুতিন ফিলিং
"Electronic funds
 Transfer system","বৈদ্যুতিন তহবিল
 স্থানান্তর সিস্টেম"
Electronic mailing,বৈদ্যুতিন মেলিং
"Electronic message
 Service","বৈদ্যুতিন বার্তা
 পরিষেবা"
"Electronic message
 system","বৈদ্যুতিন বার্তা
 পদ্ধতি"
Electronic printer,বৈদ্যুতিন প্রিন্টার
Electronic scales,বৈদ্যুতিক স্কেল
"Electronic
 Statistical
 Machine","বৈদ্যুতিক
 পরিসংখ্যান
 মেশিন"
Electronic switch,বৈদ্যুতিন সুইচ
"Electronic
 Switching system","বৈদ্যুতিক
 স্যুইচিং সিস্টেম"
"Electronic
 Translator","বৈদ্যুতিক
 অনুবাদক"
Electronic tutor,বৈদ্যুতিন টিউটর
"Electrostatic
 Deflection","ইলেক্ট্রোস্ট্যাটিক
 ডিফ্লেশন"
"Electrostatic
 Printer","ইলেক্ট্রোস্ট্যাটিক
 প্রিন্টার"
"Electrostatic
 Printing","ইলেক্ট্রোস্ট্যাটিক
 মুদ্রণ"
"Electrostatic
 Storage","ইলেক্ট্রোস্ট্যাটিক
 স্টোরেজ"
Element,উপাদান
Elementary item,প্রাথমিক আইটেম
"Elementary
 Prereceiver and 
 Analyzer","প্রাথমিক
 প্রিরসিভার এবং
 বিশ্লেষক"
"Element
 Expression","উপাদান
 অভিব্যক্তি"
Element string,উপাদান স্ট্রিং
"Element variable
Elimination factor","উপাদান পরিবর্তনশীল
নির্মূল ফ্যাক্টর"
ELSE clause,অন্য ধারা
ELSE clause rule,অন্য ধারা নিয়ম
Emboldening,উদ্বিগ্ন
Emergency maintenance,জরুরী রক্ষণাবেক্ষণ
"Emergency
 Maintenance
 Time","জরুরী
 রক্ষণাবেক্ষণ
 সময়"
"Emitter coupled
 Logic","ইমিটার যুগল
 যুক্তি"
Empty medium,খালি মাধ্যম
Empty string,খালি স্ট্রিং
Emulate,অনুকরণ
Emulation,অনুকরণ
"Emulator
 Generation","এমুলেটর
 প্রজন্ম"
Enable,সক্ষম করুন
Enabled,সক্ষম
Enabled module,সক্ষম মডিউল
Enabled page fault,সক্ষম পৃষ্ঠা ত্রুটি
Enable pulse,নাড়ি সক্ষম করুন
Enabling signal,সংকেত সক্ষম করা
Encipher,এনসিফার
Enciphered data,এনসিফারড ডেটা
Encode,এনকোড
Encoded point,এনকোডেড পয়েন্ট
Encoded question,এনকোডেড প্রশ্ন
Encoder,এনকোডার
Encryption,জোড়া লাগানো
"End around
 Borrow","চারপাশে শেষ
 ধার"
End around carry,ক্যারি প্রায় শেষ
End around shift,শিফট কাছাকাছি শেষ
End data symbol,শেষ ডেটা প্রতীক
End distortion,শেষ বিকৃতি
End instrument,শেষ উপকরণ
End mark,শেষ চিহ্ন
End of address,ঠিকানা শেষ
End of block,ব্লকের শেষ
"End of data
 Indicator","ডেটা শেষ
 সূচক"
End office,শেষ অফিস
End of file label,ফাইল লেবেল শেষ
End of file mark,ফাইল চিহ্নের সমাপ্তি
End of farm,খামারের শেষ
"End of medium
 Character","মাঝারি সমাপ্তি
 চরিত্র"
"End of message
 Code","বার্তা শেষ
 কোড"
"End of record
 Word","রেকর্ড শেষ
 শব্দ"
End of text,পাঠ্যের শেষ
"Engineering
 Graphics","প্রকৌশল
 গ্রাফিক্স"
"Enhanceable
 Language","বর্ধনযোগ্য
 ভাষা"
Enter,প্রবেশ করুন
"Enter/enquiry
 Mode","প্রবেশ/তদন্ত
 মোড"
Enter key,কী প্রবেশ করান
Enterprise number,এন্টারপ্রাইজ নম্বর
Entity concept,সত্তা ধারণা
Entry block,এন্ট্রি ব্লক
Entry condition,প্রবেশের শর্ত
Entry constant,ধ্রুবক প্রবেশ
Entry expression,এন্ট্রি এক্সপ্রেশন
Entry instruction,প্রবেশের নির্দেশনা
Entry name,প্রবেশের নাম
Entry point,এন্ট্রি পয়েন্ট
Entry portion,প্রবেশের অংশ
Entry sorting,এন্ট্রি বাছাই
Entry symbol,প্রবেশ প্রতীক
Entry time,প্রবেশের সময়
Entry value,প্রবেশের মান
Entry variable,এন্ট্রি ভেরিয়েবল
"Envelope delay
 Distortion","খামে বিলম্ব
 বিকৃতি"
Environment,পরিবেশ
"Environment
 Description
 Statement","পরিবেশ
 বর্ণনা
 বিবৃতি"
"Environment
 Division","পরিবেশ
 বিভাগ"
"Environment
 Pointer","পরিবেশ
 পয়েন্টার"
Epilog,এপিলগ
"EPROM
(Erasable
 Programmable
 Read only
 Memory)","ইপ্রম
(ক্ষয়যোগ্য
 প্রোগ্রামযোগ্য
 শুধুমাত্র পাঠযোগ্য
 স্মৃতি)"
"Equal gain
 Chamber","সমান লাভ
 চেম্বার"
Equalizer,সমতুল্য
Equipment,সরঞ্জাম
Equipment charge,সরঞ্জাম চার্জ
Equipment clock,সরঞ্জাম ঘড়ি
"Equipment
 Compatibility","সরঞ্জাম
 সামঞ্জস্যতা"
Equipment failure,যান্ত্রিক গোলযোগ
Equipment side,সরঞ্জাম দিক
Equivalence,সমতুল্যতা
"Equivalence
 Operation","সমতুল্যতা
 অপারেশন"
"Equivalent binary
 Digit factor","সমতুল্য বাইনারি
 ডিজিট ফ্যাক্টর"
"Equivalent four
 Wire system","সমতুল্য চার
 তারের সিস্টেম"
Equivocation,সমতুল্যতা
"Erasable
 Programmable
 Read only
 Memory","ক্ষয়যোগ্য
 প্রোগ্রামযোগ্য
 শুধুমাত্র পাঠযোগ্য
 স্মৃতি"
Erasable storage,ক্ষয়যোগ্য স্টোরেজ
Erase,মুছুন
Erase character,চরিত্রটি মুছুন
Erase head,মাথা মুছুন
Erlang,এরলং
Error analysis,ত্রুটি বিশ্লেষণ
Error checking,ত্রুটি পরীক্ষা করা
"Error correcting
 Code","ত্রুটি সংশোধন
 কোড"
Error correction,ত্রুটি সংশোধন
Error detection,ত্রুটি সনাক্তকরণ
Error diagnostics,ত্রুটি ডায়াগনস্টিকস
Error retry,ত্রুটি আবার চেষ্টা করুন
Error signal,ত্রুটি সংকেত
Error span,ত্রুটি স্প্যান
Error tape,ত্রুটি টেপ
Escape character,পালানো চরিত্র
Escape code,পালানো কোড
"E-time (execution
 Time)","ই-টাইম (এক্সিকিউশন
 সময়)"
Eulerian path,ইউলরিয়ান পথ
Euler's method,ইউলারের পদ্ধতি
Even parity check,এমনকি প্যারিটি চেক
Event chain,ইভেন্ট চেইন
Event completion,ইভেন্ট সমাপ্তি
"Event control
 Block","ইভেন্ট নিয়ন্ত্রণ
 ব্লক"
Event posting,ইভেন্ট পোস্টিং
Event start,ইভেন্ট শুরু
Event variable,ইভেন্টের পরিবর্তনশীল
Exceed capacity,ক্ষমতা অতিক্রম
"Except gate
 (=Exclusive OR
 Gate)","গেট বাদে
 (= একচেটিয়া বা
 গেট)"
Exception,ব্যতিক্রম
Exception error,ব্যতিক্রম ত্রুটি
Exception handling,ব্যতিক্রম হ্যান্ডলিং
Exception message,ব্যতিক্রম বার্তা
"Exception
 Reporting","ব্যতিক্রম
 রিপোর্টিং"
"Except operation
 (= Exclusive OR
 Operation)","অপারেশন বাদে
 (= একচেটিয়া বা
 অপারেশন)"
"Excess 64 binary
 Notation","অতিরিক্ত 64 বাইনারি
 স্বরলিপি"
Excess fifty,অতিরিক্ত পঞ্চাশ
Excess notation,অতিরিক্ত স্বরলিপি
Excess three code,অতিরিক্ত তিনটি কোড
"Exchangeable disk
 Storage","বিনিময়যোগ্য ডিস্ক
 স্টোরেজ"
Exchange area,বিনিময় অঞ্চল
"Exchange area
 Facility","বিনিময় অঞ্চল
 সুবিধা"
Exchange buffering,এক্সচেঞ্জ বাফারিং
Exchange class,এক্সচেঞ্জ ক্লাস
"Exchange 
 Instruction","বিনিময়
 নির্দেশ"
Exchange memory,বিনিময় স্মৃতি
Exchange service,বিনিময় পরিষেবা
Exchange sort,এক্সচেঞ্জ বাছাই
Exchange sorting,বিনিময় বাছাই
"Exchange-test
 String","এক্সচেঞ্জ-পরীক্ষা
 স্ট্রিং"
Exclusion,বর্জন
Exclusion NOR,বর্জন বা
Exclusive-OR,একচেটিয়া বা
"Exclusive OR
 Element","একচেটিয়া বা
 উপাদান"
Exclusive OR gate,এক্সক্লুসিভ বা গেট
Exclusive reference,এক্সক্লুসিভ রেফারেন্স
Exclusive segment,এক্সক্লুসিভ বিভাগ
"Executable
 Program","এক্সিকিউটেবল
 কার্যক্রম"
"Executable
 Statement","এক্সিকিউটেবল
 বিবৃতি"
Execute,এক্সিকিউট
Execute key,কী এক্সিকিউট করুন
Execute phase,কার্যকর করুন
Execute statement,বিবৃতি কার্যকর করুন
Execution,মৃত্যুদন্ড কার্যকর
Execution cycle,এক্সিকিউশন চক্র
"Execution error
 Detection","এক্সিকিউশন ত্রুটি
 সনাক্তকরণ"
Execution path,কার্যকর করার পথ
Execution time,সঞ্চালনের সময়
Executive program,এক্সিকিউটিভ প্রোগ্রাম
Executive routine,এক্সিকিউটিভ রুটিন
"Executive
 Supervisor","কার্যনির্বাহী
 কর্মকর্তা"
Executive system,এক্সিকিউটিভ সিস্টেম
Expanded batch,প্রসারিত ব্যাচ
Expert system,দক্ষ পদ্ধতি
"Exponential
 Distribution","ক্ষতিকারক
 বিতরণ"
"Exponential failure
 Law","তাত্পর্যপূর্ণ ব্যর্থতা
 আইন"
Exponent part,এক্সপোনেন্ট অংশ
"Extended core
 Storage","বর্ধিত কোর
 স্টোরেজ"
"Extended entry
 Decision table","বর্ধিত এন্ট্রি
 সিদ্ধান্ত টেবিল"
"Extended time
 Scale","বর্ধিত সময়
 স্কেল"
"Extensible
 Language","এক্সটেনসিবল
 ভাষা"
Extensible system,এক্সটেনসিবল সিস্টেম
Extension,এক্সটেনশন
"Extension
 Character","এক্সটেনশন
 চরিত্র"
Extension memory,এক্সটেনশন মেমরি
Extension station,এক্সটেনশন স্টেশন
Exterior label,বাহ্যিক লেবেল
External label,বাহ্যিক লেবেল
External call,বাহ্যিক কল
External delay,বাহ্যিক বিলম্ব
"External device
 Address","বাহ্যিক ডিভাইস
 ঠিকানা"
External error,বাহ্যিক ত্রুটি
External function,বাহ্যিক ফাংশন
"External interrupt
 Inhibit","বাহ্যিক বাধা
 দমন করা"
"External
 Interruption","বাহ্যিক
 বাধা"
"External interrupt
 Status word","বাহ্যিক বাধা
 স্থিতি শব্দ"
External line,বাহ্যিক লাইন
"Externally
 Specified index","বাহ্যিকভাবে
 নির্দিষ্ট সূচক"
"Externally stored
 Program","বাহ্যিকভাবে সঞ্চিত
 কার্যক্রম"
External memory,বাহ্যিক স্মৃতি
External merge,বাহ্যিক মার্জ
External model,বাহ্যিক মডেল
External modem,বাহ্যিক মডেম
External name,বাহ্যিক নাম
External number,বাহ্যিক সংখ্যা
External numbering plan,বাহ্যিক সংখ্যা পরিকল্পনা
"External number
 Repetition","বাহ্যিক সংখ্যা
 পুনরাবৃত্তি"
"External-page
 Address","বাহ্যিক পৃষ্ঠা
 ঠিকানা"
External procedure,বাহ্যিক পদ্ধতি
"External program
 Parameter","বাহ্যিক প্রোগ্রাম
 প্যারামিটার"
External reference,বাহ্যিক রেফারেন্স
External schema,বাহ্যিক স্কিমা
External sort,বাহ্যিক বাছাই
External sorting,বাহ্যিক বাছাই
External statement,বাহ্যিক বিবৃতি
External storage,বাহ্যিক সংগ্রহস্থল
External symbol,বাহ্যিক প্রতীক
"External symbol
 Dictionary","বাহ্যিক প্রতীক
 অভিধান"
"External-unit
 Identifier","বাহ্যিক-ইউনিট
 সনাক্তকারী"
Extract,নির্যাস
Extract instruction,এক্সট্রাক্ট নির্দেশ
Extraction,নিষ্কাশন
Extractor,এক্সট্র্যাক্টর
Extraneous ink,বহিরাগত কালি
Extremity routine,চূড়ান্ত রুটিন
"Face-character
 Printer","ফেস-চরিত্র
 প্রিন্টার"
"Facilities
 Management","সু্যোগ - সুবিধা
 পরিচালনা"
Facility report,সুবিধা প্রতিবেদন
Facility work order,সুবিধা কাজের আদেশ
Facsimile,ফ্যাসিমাইল
Facsimile converter,ফ্যাসিমাইল রূপান্তরকারী
"Facsimile I/O
 Device","ফ্যাসিমাইল আই/ও
 যন্ত্র"
Facsimile receiver,ফ্যাসিমাইল রিসিভার
Facsimile recorder,ফ্যাসিমাইল রেকর্ডার
"Facsimile signal
 Level","ফ্যাসিমাইল সিগন্যাল
 স্তর"
Facsimile system,ফ্যাসিমাইল সিস্টেম
"Facsimile
 Telegraphy","ফ্যাসিমাইল
 টেলিগ্রাফি"
"Facsimile
 Transmitter","ফ্যাসিমাইল
 ট্রান্সমিটার"
Fact correlation,সত্য সম্পর্ক
Factor analysis,ফ্যাক্টর বিশ্লেষণ
Factor total,ফ্যাক্টর মোট
Fail safe,ব্যর্থতার নিরাপত্তা
"Fail soft (= fail
 Safe)","ব্যর্থ নরম (= ব্যর্থ
 নিরাপদ)"
Failure analysis,ব্যর্থতা বিশ্লেষণ
Failure logging,ব্যর্থতা লগিং
Failure rate,ব্যর্থতার হার
Failure recovery,ব্যর্থতা পুনরুদ্ধার
Failure testing,ব্যর্থতা পরীক্ষা
Fall back,পিছু হট
False add,মিথ্যা অ্যাড
False code,মিথ্যা কোড
"False drop (= false
 Retrieval)","মিথ্যা ড্রপ (= মিথ্যা
 পুনরুদ্ধার)"
False error,মিথ্যা ত্রুটি
Fan-fold paper,ফ্যান-ভাঁজ কাগজ
Fan-in,ফ্যান-ইন
Fan out,ফ্যান আউট
Fast access storage,দ্রুত অ্যাক্সেস স্টোরেজ
Fast busy,দ্রুত ব্যস্ত
"Fast Fourier
 Transform","ফাস্ট ফুরিয়ার
 রূপান্তর"
Fast select,দ্রুত নির্বাচন করুন
Fast time scale,দ্রুত সময়ের স্কেল
Fatal error,মারাত্মক ত্রুটি
Fault defect,ত্রুটি ত্রুটি
Fault dictionary,ফল্ট অভিধান
Fault-rate threshold,ফল্ট-রেট থ্রেশহোল্ড
Fault singnature,ফল্ট সিং্যাচার
Fault threshold,ফল্ট থ্রেশহোল্ড
Fault time,দোষ সময়
Fault tolerance,দোষ সহনশীলতা
Fault tolerant,ভ্রান্তি সহিষ্ণুতা
"Fault-tolerant
 System","ভ্রান্তি সহিষ্ণুতা
 পদ্ধতি"
"FDM (= frequency
 Division
 Multiplex)","এফডিএম (= ফ্রিকোয়েন্সি
 বিভাগ
 মাল্টিপ্লেক্স)"
Feasibility study,সম্ভাব্যতা অধ্যয়ন
Feasible solution,সম্ভাব্য সমাধান
Feature extraction,বৈশিষ্ট্য নিষ্কাশন
Feature selection,বৈশিষ্ট্য নির্বাচন
Feedback control,প্রতিক্রিয়া নিয়ন্ত্রণ
Feedback loop,প্রতিক্রিয়া লুপ
Feedback system,প্রতিক্রিয়া সিস্টেম
Feedback variable,প্রতিক্রিয়া পরিবর্তনশীল
Feeder cable,ফিডার কেবল
Feeder route,ফিডার রুট
Feeder selection,ফিডার নির্বাচন
Feed hole,ফিড গর্ত
Feed pitch,ফিড পিচ
Feed punch,খোঁচা ফিড
Feed reel,ফিড রিল
Ferreed assembly,ফেরিড সমাবেশ
"Ferrite core
 Memory","ফেরাইট কোর
 স্মৃতি"
"Ferrite core
 Memory
 Switching time","ফেরাইট কোর
 স্মৃতি
 স্যুইচিং সময়"
Fetch,আনুন
Fetch data,ডেটা আনুন
"Fetching
 Instruction","আনতে
 নির্দেশ"
Fetching operand,অপারেন্ড আনতে
Fetch phase,আনুন পর্ব
Fetch process,প্রক্রিয়া আনুন
Fetch protection,সুরক্ষা আনুন
Fibonacci search,ফিবোনাচি অনুসন্ধান
Fibonacci series,ফিবোনাচি সিরিজ
Fibre optics,ফাইবার অপটিক
"Fibre-optics
 Transmission
 System","ফাইবার অপটিক
 সংক্রমণ
 পদ্ধতি"
Field checking,ফিল্ড চেকিং
Field data code,ফিল্ড ডেটা কোড
"Field developed
 Program","ক্ষেত্র বিকাশ
 কার্যক্রম"
"Field effect
 Transistor","ক্ষেত্রের প্রভাব
 ট্রানজিস্টর"
Field length,ক্ষেত্রের দৈর্ঘ্য
Field mark,মাঠের চিহ্ন
Field name,ক্ষেত্র নাম
"Field replaceable
 Unit","ক্ষেত্র প্রতিস্থাপনযোগ্য
 ইউনিট"
Field selection,ক্ষেত্র নির্বাচন
Field shifting,ক্ষেত্র স্থানান্তর
Field upgrading,ক্ষেত্র আপগ্রেডিং
Field utilization,ক্ষেত্রের ব্যবহার
"Fifth generation
 Computer","পঞ্চম প্রজন্ম
 কম্পিউটার"
Figurative constant,রূপক ধ্রুবক
Figures shift,পরিসংখ্যান শিফট
File access method,ফাইল অ্যাক্সেস পদ্ধতি
File activity ratio,ফাইল ক্রিয়াকলাপ অনুপাত
"File address
 Checking system","ফাইল ঠিকানা
 চেক সিস্টেম"
File attribute,ফাইল বৈশিষ্ট্য
File cleanup,ফাইল ক্লিনআপ
File composition,ফাইল রচনা
File constant,স্থির ফাইল
File control,ফাইল নিয়ন্ত্রণ
File control system,ফাইল নিয়ন্ত্রণ সিস্টেম
File conversion,ফাইল রূপান্তর
File copying,ফাইল অনুলিপি
File description,নথি বিবরণ
"File description
 Statement","নথি বিবরণ
 বিবৃতি"
File directory,ফাইল ডিরেক্টরি
File event,ফাইল ইভেন্ট
File expression,ফাইল এক্সপ্রেশন
File extent,ফাইল ব্যাপ্তি
File feed,ফাইল ফিড
File gap,ফাইল ফাঁক
File generation,ফাইল জেনারেশন
File information retrieval,ফাইল তথ্য পুনরুদ্ধার
File insertion,ফাইল সন্নিবেশ
"File interrogation
 Program","ফাইল জিজ্ঞাসাবাদ
 কার্যক্রম"
File label,ফাইল লেবেল
File layout,ফাইল লেআউট
File length,ফাইল দৈর্ঘ্য
File maintenance,ফাইল রক্ষণাবেক্ষণ
File management,ফাইল পরিচালনা
"File management
 Program","ফাইল পরিচালনা
 কার্যক্রম"
File mark,ফাইল চিহ্ন
File merge,ফাইল মার্জ
File name,ফাইলের নাম
File name table,ফাইলের নাম টেবিল
File organization,ফাইল সংস্থা
"File oriented
 Programming","ফাইল ওরিয়েন্টেড
 প্রোগ্রামিং"
"File packing
 Density","ফাইল প্যাকিং
 ঘনত্ব"
File processing,ফাইল প্রসেসিং
File protection,ফাইল সুরক্ষা
File purging,ফাইল শুদ্ধ
File reconstitution,ফাইল পুনর্গঠন
File recovery,ফাইল পুনরুদ্ধার
File reel,ফাইল রিল
File search,ফাইল অনুসন্ধান
File security,ফাইল সুরক্ষা
File selection,ফাইল নির্বাচন
"File separator
 Character","ফাইল বিভাজক
 চরিত্র"
File set,ফাইল সেট
File storage,ফাইল স্টোরেজ
File storage area,ফাইল স্টোরেজ অঞ্চল
File storage unit,ফাইল স্টোরেজ ইউনিট
File store,ফাইল স্টোর
File structure,ফাইল কাঠামো
File tidying,ফাইল টিডিং
File updating,ফাইল আপডেট হচ্ছে
File variable,ফাইল পরিবর্তনশীল
Fill character,চরিত্র পূরণ করুন
Film frame,ফিল্ম ফ্রেম
Film making,ফিল্ম মেকিং
Film scanner,ফিল্ম স্ক্যানার
Film storage,ফিল্ম স্টোরেজ
Final copy,চূড়ান্ত অনুলিপি
Final group,চূড়ান্ত গ্রুপ
Final-route chain,চূড়ান্ত-রুট চেইন
Finder beam,ফাইন্ডার বিম
Find text string,পাঠ্য স্ট্রিং সন্ধান করুন
Fine sort,সূক্ষ্ম বাছাই
Finite automata1,সসীম অটোমেটা 1
"Finite element
 Method","সীমাবদ্ধ উপাদান
 পদ্ধতি"
"Finite precision
 Number","সীমাবদ্ধ নির্ভুলতা
 সংখ্যা"
"Finite state
 Machine","সীমাবদ্ধ রাষ্ট্র
 মেশিন"
Fire damage,আগুনের ক্ষতি
Firmware,ফার্মওয়্যার
Firmware circuitry,ফার্মওয়্যার সার্কিটরি
First element,প্রথম উপাদান
"First generation 
 Computer","প্রথম প্রজন্ম
 কম্পিউটার"
"First level
 Addressing","প্রথম ধাপ
 সম্বোধন"
"Five-bit byte
 (= Quintet)","পাঁচ-বিট বাইট
 (= কুইন্টেট)"
Five-level code,পাঁচ-স্তরের কোড
Five track reader,পাঁচ ট্র্যাক পাঠক
Fixed block,স্থির ব্লক
"Fixed block
Architecture
 Device","স্থির ব্লক
আর্কিটেকচার
 যন্ত্র"
"Fixed cycle
 Operation","স্থির চক্র
 অপারেশন"
Fixed data,স্থির ডেটা
Fixed decimal,স্থির দশমিক
Fixed field,স্থির ক্ষেত্র
Fixed form,স্থির ফর্ম
"Fixed format
 Message","স্থির ফর্ম্যাট
 বার্তা"
"Fixed function
 Generator","স্থির ফাংশন
 জেনারেটর"
Fixed head disk,স্থির মাথা ডিস্ক
"Fixed image
 Graphics","স্থির চিত্র
 গ্রাফিক্স"
Fixed length block,স্থির দৈর্ঘ্যের ব্লক
Fixed length record,স্থির দৈর্ঘ্যের রেকর্ড
Fixed line number,স্থির লাইন নম্বর
Fixed partition,স্থির পার্টিশন
"Fixed point
 Arithmetic","নির্দিষ্ট বিন্দু
 পাটিগণিত"
"Fixed point
 Arithmetic unit","নির্দিষ্ট বিন্দু
 গাণিতিক ইউনিট"
"Fixed point
 Constant","নির্দিষ্ট বিন্দু
 ধ্রুবক"
"Fixed point
 Number","নির্দিষ্ট বিন্দু
 সংখ্যা"
Fixed point part,স্থির পয়েন্ট অংশ
"Fixed point
 Representation
 System","নির্দিষ্ট বিন্দু
 প্রতিনিধিত্ব
 পদ্ধতি"
"Fixed program
 Computer","স্থির প্রোগ্রাম
 কম্পিউটার"
"Fixed radix
 Numeration
 System","স্থির রেডিক্স
 সংখ্যা
 পদ্ধতি"
Fixed satellite,স্থির স্যাটেলাইট
Fixed storage,স্থির স্টোরেজ
"Fixed word length
 Computer","স্থির শব্দের দৈর্ঘ্য
 কম্পিউটার"
Flag,পতাকা
Flag event,পতাকা ইভেন্ট
Flag indicator,পতাকা সূচক
Flag line,ফ্ল্যাগ লাইন
Flag sequence,পতাকা ক্রম
Flag test,পতাকা পরীক্ষা
Flash card,ফ্ল্যাশ কার্ড
Flat bed plotter,ফ্ল্যাট বিছানা প্লট্টার
Flat bed scanner,ফ্ল্যাট বিছানা স্ক্যানার
Flat bed scanning,ফ্ল্যাট বিছানা স্ক্যানিং
Flexible disk,নমনীয় ডিস্ক
"Flexible
 Manufacturing
 System","নমনীয়
 উত্পাদন
 পদ্ধতি"
Flip flop,ফ্লিপ ফ্লপ
Flippy,ফ্লিপি
Floating decimal,ভাসমান দশমিক
"Floating normalize
 Control","ভাসমান স্বাভাবিককরণ
 নিয়ন্ত্রণ"
"Floating point
 Arithmetic","ভাসমান পয়েন্ট
 পাটিগণিত"
"Floating-point
 Arithmetic
 Instruction","ভাসমান-পয়েন্ট
 পাটিগণিত
 নির্দেশ"
"Floating-point
 Arithmetic norm","ভাসমান-পয়েন্ট
 গাণিতিক আদর্শ"
"Floating-point
 Arithmetic unit","ভাসমান-পয়েন্ট
 গাণিতিক ইউনিট"
Floating-point base,ভাসমান-পয়েন্ট বেস
"Floating-point
 Feature","ভাসমান-পয়েন্ট
 বৈশিষ্ট্য"
"Floating-point
 Literal","ভাসমান-পয়েন্ট
 আক্ষরিক"
"Floating-point
 Number","ভাসমান-পয়েন্ট
 সংখ্যা"
"Floating-point
 Package","ভাসমান-পয়েন্ট
 প্যাকেজ"
"Floating-point
 Precision","ভাসমান-পয়েন্ট
 নির্ভুলতা"
"Floating-point
 Radix","ভাসমান-পয়েন্ট
 রেডিক্স"
"Floating-point
 Register","ভাসমান-পয়েন্ট
 নিবন্ধন"
"Floating-point
 Representation","ভাসমান-পয়েন্ট
 প্রতিনিধিত্ব"
Floppy disk,ফ্লপি ডিস্ক
"Floppy disk
 Controller","ফ্লপি ডিস্ক
 নিয়ামক"
"Flops (floating
 Point
 Operations-per
 Second)","ফ্লপ (ভাসমান
 পয়েন্ট
 অপারেশনস-পার
 দ্বিতীয়)"
Flow analysis,প্রবাহ বিশ্লেষণ
Flow chart,প্রবাহ চার্ট
Flow charting,প্রবাহ চার্টিং
Flowchart symbol,ফ্লোচার্ট প্রতীক
"Flowchart
 Technique","ফ্লোচার্ট
 প্রযুক্তি"
Flowchart text,ফ্লোচার্ট পাঠ্য
Flow diagram,প্রবাহ চিত্র
Flow of control,নিয়ন্ত্রণের প্রবাহ
"Flow-process
 Diagram","প্রবাহ প্রক্রিয়া
 চিত্র"
Fluent computer,সাবলীল কম্পিউটার
Fluid flow analysis,তরল প্রবাহ বিশ্লেষণ
Fluidic,তরল
Fluidics,তরল পদার্থ
Fluorescent display,ফ্লুরোসেন্ট প্রদর্শন
Flyback,ফ্লাইব্যাক
Flying-spot scan,উড়ন্ত স্পট স্ক্যান
Flying spot scanner,ফ্লাইং স্পট স্ক্যানার
F- mode record,F- মোড রেকর্ড
Focused overload,ফোকাস ওভারলোড
Folding,ভাঁজ
Folding ratio,ভাঁজ অনুপাত
Font,ফন্ট
"Font-change
 Character","ফন্ট-পরিবর্তন
 চরিত্র"
Footer,ফুটার
"Foreground display
 Image","অগ্রভাগ প্রদর্শন
 চিত্র"
"Foreground 
 Initiator","অগ্রভাগ
 উদ্যোগী"
Foreground job,অগ্রভাগ কাজ
"Foreground 
 Processing","অগ্রভাগ
 প্রক্রিয়াজাতকরণ"
"Foreground 
 Program","অগ্রভাগ
 কার্যক্রম"
Foreground region,অগ্রভাগ অঞ্চল
"Foreign area
 Translation","বিদেশী অঞ্চল
 অনুবাদ"
Forgiving system,ক্ষমা ব্যবস্থা
Fork,কাঁটাচামচ
Forking,কাঁটা
Formal argument,আনুষ্ঠানিক যুক্তি
Formal language,অানুষ্ঠানিক ভাষা
Formal logic,আনুষ্ঠানিক যুক্তি
Format,ফর্ম্যাট
"Format character
 Set","ফর্ম্যাট চরিত্র
 সেট"
Format check,ফর্ম্যাট চেক
"Format description
 Statement","ফর্ম্যাট বিবরণ
 বিবৃতি"
"Format effector
 Character","ফর্ম্যাট এফেক্টর
 চরিত্র"
Format item,ফর্ম্যাট আইটেম
Format list,ফর্ম্যাট তালিকা
Format selection,ফর্ম্যাট নির্বাচন
Formatted display,ফর্ম্যাট প্রদর্শন
Formatted dump,ফর্ম্যাট ডাম্প
Formatted records,ফর্ম্যাট রেকর্ড
"Formatted systems
 Services","ফর্ম্যাট সিস্টেম
 সেবা"
Formatter,ফর্ম্যাটার
Form feed,আমার মুখোমুখিআমার মুখোমুখি
"Form feed
 Character","আমার মুখোমুখিআমার মুখোমুখি
 চরিত্র"
Form feed out,ফর্ম ফিড আউট
Form flash,ফর্ম ফ্ল্যাশ
Form overlay,ফর্ম ওভারলে
Form stop,ফর্ম স্টপ
"Formula
 Manipulation","সূত্র
 হেরফের"
Forth,সামনে
Fortran,ফোর্টরান
"Fortran control
 Character","ফোর্টরান নিয়ন্ত্রণ
 চরিত্র"
Fortran feature,ফোর্টরান বৈশিষ্ট্য
"Fortran
 Programming","ফোর্টরান
 প্রোগ্রামিং"
"Fortuitous
 Conductor","ভাগ্যবান
 কন্ডাক্টর"
"Fortuitous
 Distortion","ভাগ্যবান
 বিকৃতি"
"Forward-backward
 Counter","সামনে পেছনে
 কাউন্টার"
Forward bias,এগিয়ে পক্ষপাত
Forward channel,ফরোয়ার্ড চ্যানেল
Forward current,ফরোয়ার্ড বর্তমান
"Forward difference
 Formula","ফরোয়ার্ড পার্থক্য
 সূত্র"
"Forward difference
 Method","ফরোয়ার্ড পার্থক্য
 পদ্ধতি"
"Forward error
 Analysis","ফরোয়ার্ড ত্রুটি
 বিশ্লেষণ"
"Forward file
 Recovery","ফরোয়ার্ড ফাইল
 পুনরুদ্ধার"
Forward scan,ফরোয়ার্ড স্ক্যান
"Forward
 Supervision","ফরোয়ার্ড
 তদারকি"
"Four-address
 Computer","চার-ঠিকানা
 কম্পিউটার"
"Four-address
 Instruction","চার-ঠিকানা
 নির্দেশ"
Four-bit byte,ফোর-বিট বাইট
"Four-plus-one
 Address","চার-প্লাস-এক
 ঠিকানা"
"Four-way
 Interleaving","চার উপায়
 ইন্টারলিভিং"
Four-wire,চার তারের
Four-wire circuit,চার তারের সার্কিট
Four-wire repeater,চার তারের রিপিটার
"Four-wire
 Terminating set","চার তারের
 সমাপ্তি সেট"
Fox message,ফক্স বার্তা
"Fragmental
 Printing","খণ্ডিত
 মুদ্রণ"
Frame,ফ্রেম
"Frame creation
 Terminal","ফ্রেম তৈরি
 টার্মিনাল"
Frame grabber,ফ্রেম গ্র্যাবার
Frame pitch,ফ্রেম পিচ
Framing,ফ্রেমিং
Framing bits,ফ্রেমিং বিট
Free field,বিনামূল্যে ক্ষেত্র
Free-form editor,ফ্রি-ফর্ম সম্পাদক
"Free form (=free
 Format)","বিনামূল্যে ফর্ম (= বিনামূল্যে
 ফর্ম্যাট)"
"Freely
 Programmable","অবাধে
 প্রোগ্রামযোগ্য"
Free routing,বিনামূল্যে রাউটিং
Free storage,বিনামূল্যে স্টোরেজ
Frequency,ফ্রিকোয়েন্সি
Frequency agility,ফ্রিকোয়েন্সি তত্পরতা
"Frequency division
 Multiplex","ফ্রিকোয়েন্সি বিভাগ
 মাল্টিপ্লেক্স"
"Frequency-division
 Multiplexing","ফ্রিকোয়েন্সি বিভাগ
 মাল্টিপ্লেক্সিং"
Frequency frogging,ফ্রিকোয়েন্সি ব্যাঙিং
Frequency offset,ফ্রিকোয়েন্সি অফসেট
Frequency reuse,ফ্রিকোয়েন্সি পুনরায় ব্যবহার
Frequency shift keying,ফ্রিকোয়েন্সি শিফট কীিং
Front end,সামনের অংশ
"Front-end
 Computer","সামনের অংশ
 কম্পিউটার"
"Front-end
 Controller","সামনের অংশ
 নিয়ামক"
"Front-end
 Processor","সামনের অংশ
 প্রসেসর"
Front panel,সম্মুখ প্যানেল
Full adder,সম্পূর্ণ অ্যাডার
Full duplex,সম্পূর্ণ দ্বৈত
"Full duplex
Operation","সম্পূর্ণ দ্বৈত
অপারেশন"
"Full-duplex
 Transmission","সম্পূর্ণ দ্বৈত
 সংক্রমণ"
Full group,সম্পূর্ণ গ্রুপ
Full modem,সম্পূর্ণ মডেম
Full-screen editing,পূর্ণ-স্ক্রিন সম্পাদনা
"Full-screen
 Processing","পূর্ণ পর্দা
 প্রক্রিয়াজাতকরণ"
Full subtracter,সম্পূর্ণ সাবট্র্যাক্টর
"Fully connected
 Network","সম্পূর্ণ সংযুক্ত
 অন্তর্জাল"
"Fully
 Parenthyesized
 Notation","সম্পূর্ণ
 বন্ধনীযুক্ত
 স্বরলিপি"
"Fully perforated
 Tape","সম্পূর্ণ ছিদ্রযুক্ত
 টেপ"
Function,ফাংশন
Functional design,কার্যকরী নকশা
Function code,ফাংশন কোড
"Function
 Computability","ফাংশন
 গণনাযোগ্যতা"
"Function
 Declaration
 Statement","ফাংশন
 ঘোষণা
 বিবৃতি"
Function digit,ফাংশন অঙ্ক
Function element,ফাংশন উপাদান
"Function-evalua-
 Tion routine","ফাংশন-অমুলু-
 টিওন রুটিন"
Function generator,ফাংশন জেনারেটর
Function hole,ফাংশন গর্ত
Function key,ফাংশন কী
Function keyboard,ফাংশন কীবোর্ড
Function name,ফাংশন নাম
Function port,ফাংশন পোর্ট
Function reference,ফাংশন রেফারেন্স
"Function
 Subprogram","ফাংশন
 সাবপ্রগ্রাম"
Function switch,ফাংশন সুইচ
Function table,ফাংশন টেবিল
"Fusable read-only
 Memory","কেবলমাত্র পঠনযোগ্য
 স্মৃতি"
Fuzzy set,ঝাপসা সেট
Game theory,খেলা তত্ত্ব
Gang punch,গ্যাং পাঞ্চ
Gap character,গ্যাপ চরিত্র
Gap digit,গ্যাপ ডিজিট
Gap scatter,গ্যাপ স্ক্যাটার
Garbage,আবর্জনা
Garbage collection,আবর্জনা সংগ্রহ
"Garbage in
 Garbage out
 (Gigo)","আবর্জনা
 আবর্জনা
 (গিগো)"
Gas panel,গ্যাস প্যানেল
Gate,গেট
Gate pulse,গেট পালস
Gather write,লিখুন সংগ্রহ করুন
"Generalized
 Mark-up
 Language","সাধারণীকরণ
 মার্কআপ
 ভাষা"
"Generalized
 Sort/merge
 Program","সাধারণীকরণ
 বাছাই/মার্জ
 কার্যক্রম"
"Generalized
 Subroutine","সাধারণীকরণ
 Subroutine"
General poll,সাধারণ জরিপ
General program,সাধারণ প্রোগ্রাম
"General-purpose
 Computer","সাধারন ক্ষেত্রে
 কম্পিউটার"
"General-purpose
 Language","সাধারন ক্ষেত্রে
 ভাষা"
"General-purpose
 Operating system","সাধারন ক্ষেত্রে
 অপারেটিং সিস্টেম"
"General-purpose
 Paper card","সাধারন ক্ষেত্রে
 কাগজ কার্ড"
"General-purpose
 Register","সাধারন ক্ষেত্রে
 নিবন্ধন"
"General-purpose
 Systems
 Simulator","সাধারন ক্ষেত্রে
 সিস্টেম
 সিমুলেটর"
General register,সাধারণ নিবন্ধ
General routine,সাধারণ রুটিন
"General utility
 Function","সাধারণ ইউটিলিটি
 ফাংশন"
Generated address,উত্পন্ন ঠিকানা
Generated carry,উত্পন্ন বহন
Generated error,উত্পন্ন ত্রুটি
Generated function,উত্পন্ন ফাংশন
"Generated data
 Group","উত্পন্ন ডেটা
 গ্রুপ"
"Generation data 
 Set","প্রজন্মের ডেটা
 সেট"
"Generation
 Number","প্রজন্ম
 সংখ্যা"
Generic name,জেনেরিক নাম
Generic program,জেনেরিক প্রোগ্রাম
Geo-stationary,ভূ-স্টেশনারি
Gibson mix,গিবসন মিক্স
Glitch,গ্লিচ
Global code,গ্লোবাল কোড
Global lock,গ্লোবাল লক
Global search,গ্লোবাল অনুসন্ধান
Global service,গ্লোবাল সার্ভিস
Global variable,গ্লোবাল ভেরিয়েবল
"Global variable
 Symbol","গ্লোবাল ভেরিয়েবল
 প্রতীক"
Glossary function,শব্দকোষ ফাংশন
Go-ahead tone,গো-ইয়ার্ড টোন
"Gothic character
 Set","গথিক চরিত্র
 সেট"
"Graceful
 Degradation","করুণ
 অবক্ষয়"
Graded index fibre,গ্রেড সূচক ফাইবার
Grade of service,পরিষেবা গ্রেড
Grammar,ব্যাকরণ
Grandfather tape,দাদা টেপ
Graph follower,গ্রাফ অনুসরণকারী
Graphic character,গ্রাফিক চরিত্র
"Graphic data
 Reduction","গ্রাফিক ডেটা
 হ্রাস"
"Graphic data 
Structure","গ্রাফিক ডেটা
কাঠামো"
"Graphic display
 Program","গ্রাফিক প্রদর্শন
 কার্যক্রম"
"Graphic display
 Resolution","গ্রাফিক প্রদর্শন
 রেজোলিউশন"
"Graphic display
 Unit","গ্রাফিক প্রদর্শন
 ইউনিট"
"Graphic
 Documentation","গ্রাফিক
 ডকুমেন্টেশন"
"Graphic file
 Maintenance","গ্রাফিক ফাইল
 রক্ষণাবেক্ষণ"
"Graphic job
 Processor","গ্রাফিক কাজ
 প্রসেসর"
Graphic language,গ্রাফিক ভাষা
Graphic panel,গ্রাফিক প্যানেল
"Graphics
 Peripheral","গ্রাফিক্স
 পেরিফেরাল"
Graphics plotter,গ্রাফিক্স চক্রান্তকারী
Graphics routine,গ্রাফিক্স রুটিন
Graphics tablet,গ্রাফিক্স ট্যাবলেট
Gray code,ধূসর কোড
Grid chart,গ্রিড চার্ট
Gross minus,গ্রস বিয়োগ
Gross plus,গ্রস প্লাস
"Ground return
 Circuit","গ্রাউন্ড রিটার্ন
 সার্কিট"
Ground start,গ্রাউন্ড স্টার্ট
Group addressing,গ্রুপ ঠিকানা
Group authority,গ্রুপ কর্তৃপক্ষ
"Group distribution
 Frame","গ্রুপ বিতরণ
 ফ্রেম"
Grouped record,দলবদ্ধ রেকর্ড
Group indicate,গোষ্ঠী নির্দেশ করে
Grouping of records,রেকর্ড গ্রুপিং
Group name,দলের নাম
Group poll,গ্রুপ পোল
Group printing,গ্রুপ মুদ্রণ
Group separator,গ্রুপ বিভাজক
Guard band,গার্ড ব্যান্ড
Guard signal,গার্ড সিগন্যাল
Guidance code,গাইডেন্স কোড
Guide margin,গাইড মার্জিন
Gulp,গুল্প
Half-carry,অর্ধ ক্যারি
Half-duplex,অর্ধেক দ্বৈত
"Half-duplex
 Channel","অর্ধেক দ্বৈত
 চ্যানেল"
Half-duplex circuit,অর্ধ-দ্বৈত সার্কিট
"Half-duplex
 Operation","অর্ধেক দ্বৈত
 অপারেশন"
Half-duplex service,অর্ধ-দ্বৈত পরিষেবা
"Half-duplex
 Transmission","অর্ধেক দ্বৈত
 সংক্রমণ"
Half instruction,অর্ধ নির্দেশ
Half intensity,অর্ধ তীব্রতা
Half -path,অর্ধ -পাথ
Half-speed,অর্ধ গতি
Half-subtracter,হাফ-সাবট্র্যাক্টর
Halftone plotting,হাফটোন প্লট করা
Half-word,অর্ধ-শব্দ
Hamming code,হামিং কোড
Hamming distance,হামিং দূরত্ব
Hand-feed punch,হাতের খোঁচা পাঞ্চ
"Hand-held
 Calculator","হ্যান্ড-হোল্ড
 ক্যালকুলেটর"
Handler,হ্যান্ডলার
Hand off,হাত বন্ধ
"Hand-on
 Background","সমর্পণ করা
 পটভূমি"
Hand set,হাত সেট
Hand shaking,হাত কাঁপছে
Hard copy,মুদ্রিত সংস্করণ
Hard-copy log,হার্ড-অনুলিপি লগ
"Hard-copy video
 Interface","হার্ড-অনুলিপি ভিডিও
 ইন্টারফেস"
Hard disk,হার্ড ডিস্ক
Hard error,হার্ড ত্রুটি
Hard sectoring,হার্ড সেক্টরিং
Hard stop,হার্ড স্টপ
Hardware,হার্ডওয়্যার
Hardware check,হার্ডওয়্যার চেক
"Hardware error
 Recovery","হার্ডওয়্যার ত্রুটি
 পুনরুদ্ধার"
Hardware language,হার্ডওয়্যার ভাষা
Hardware tariff,হার্ডওয়্যার শুল্ক
Hard-wired,হার্ড-ওয়্যারড
Hardwiring,হার্ডওয়্যারিং
"Harmonic
 Distortion","সুরেলা
 বিকৃতি"
"Harmonic
 Telephone ringer","সুরেলা
 টেলিফোন রিঞ্জার"
Hash,হ্যাশ
Hash index,হ্যাশ সূচক
Hashing,হ্যাশিং
Hashing algorithm,হ্যাশিং অ্যালগরিদম
Hashing function,হ্যাশিং ফাংশন
Hashing technique,হ্যাশিং কৌশল
Hash total,হ্যাশ মোট
Hash value,হ্যাশ মান
Header,শিরোনাম
Header card,শিরোনাম কার্ড
Header label,শিরোনাম লেবেল
Header segment,শিরোনাম বিভাগ
Header sheet,শিরোনাম শীট
Head gap,মাথা ফাঁক
Heading,শিরোনাম
Heading records,শিরোনাম রেকর্ড
Held over,ধরে রাখা
Hesitation,দ্বিধা
"Heterodyne
 Reception","হেটেরোডিন
 অভ্যর্থনা"
"Heterodyne
 Repeator","হেটেরোডিন
 পুনরাবৃত্তি"
"Heterogeneous
 Multiplex","ভিন্ন ভিন্ন
 মাল্টিপ্লেক্স"
"Heterogeneous
 Network","ভিন্ন ভিন্ন
 অন্তর্জাল"
Heuristic,হিউরিস্টিক
Heuristic method,হিউরিস্টিক পদ্ধতি
Hexadecimal,হেক্সাডেসিমাল
"Hexadecimal
 Constant","হেক্সাডেসিমাল
 ধ্রুবক"
"Hexadecimal
 Notation","হেক্সাডেসিমাল
 স্বরলিপি"
Hex pad,হেক্স প্যাড
Hidden line,লুকানো লাইন
"Hidden line
 Removal","লুকানো লাইন
 অপসারণ"
"Hierarchical
 Classification","শ্রেণিবদ্ধ
 শ্রেণিবদ্ধকরণ"
"Hierarchical
 Computer
 Network","শ্রেণিবদ্ধ
 কম্পিউটার
 অন্তর্জাল"
"Hierarchically
 Synchronized
 Network","শ্রেণিবদ্ধভাবে
 সিঙ্ক্রোনাইজড
 অন্তর্জাল"
"Hierarchical
 Network","শ্রেণিবদ্ধ
 অন্তর্জাল"
"Hierarchical
 Structure","শ্রেণিবদ্ধ
 কাঠামো"
Hierarchy,হায়ারার্কি
"Hierarchy of
 Operations","হায়ারার্কি অফ
 অপারেশন"
High address,উচ্চ ঠিকানা
High byte,উচ্চ বাইট
High density,উচ্চ ঘনত্ব
"High frequency
 Distribution
 Frame","উচ্চ তরঙ্গ
 বিতরণ
 ফ্রেম"
High level compiler,উচ্চ স্তরের সংকলক
High level data link control,উচ্চ স্তরের ডেটা লিঙ্ক নিয়ন্ত্রণ
"High level
 Assembler","উচ্চস্তর
 এসেম্বলার"
"High level source
 Code","উচ্চ স্তরের উত্স
 কোড"
High lighting,উচ্চ আলো
"High order
 Position","উচ্চ আদেশ
 অবস্থান"
High pass,উচ্চ পাস
"High performance
 Equipment","উচ্চ পারদর্শিতা
 সরঞ্জাম"
High punch,উচ্চ মুষ্ট্যাঘাত
High speed carry,উচ্চ গতি বহন
High speed reader,উচ্চ গতির পাঠক
High usage group,উচ্চ ব্যবহার গ্রুপ
Highway,হাইওয়ে
Hi-lo tariff,হাই-লো শুল্ক
Hiragana,হিরাগানা
History file,ইতিহাস ফাইল
History run,ইতিহাস রান
Hit,আঘাত
"Hit on the fly
 Printer","উড়ে হিট
 প্রিন্টার"
Hit on the line,লাইনে আঘাত করা
Hit ratio,আক্রমণ অনুপাত
Hold facility,সুবিধাটি ধরে রাখুন
Holding beam,হোল্ডিং মরীচি
Holding time,সময় ধারণ
Hold instruction,নির্দেশ রাখুন
Hold pattern,প্যাটার্ন ধরে রাখুন
Hollerith card,হোলারিথ কার্ড
Hollerith code,হোলারিথ কোড
Hologram,হলোগ্রাম
"Holographic based
 System","হলোগ্রাফিক ভিত্তিক
 পদ্ধতি"
Home address,বাসার ঠিকানা
Home key,হোম কী
Home loop,হোম লুপ
"Home numbering
 Plan area","হোম নম্বর
 পরিকল্পনা অঞ্চল"
Homeostatis,হোমিওস্ট্যাটিস
Home position,বাসার অবস্থান
Home record,হোম রেকর্ড
"Homogeneous
 Network","সমজাতীয়
 অন্তর্জাল"
Hopper,হপার
Horizontal feed,অনুভূমিক ফিড
"Horizontal raster
 Count","অনুভূমিক রাস্টার
 গণনা"
Horizontal system,অনুভূমিক সিস্টেম
Horizontal table,অনুভূমিক টেবিল
"Horizontal
 Tabulation
 Character","অনুভূমিক
 সারণী
 চরিত্র"
"Horizontal
 Wraparound","অনুভূমিক
 চারপাশে মোড়ানো"
Host,হোস্ট
"Host application
 Program","হোস্ট অ্যাপ্লিকেশন
 কার্যক্রম"
Host computer,হোস্ট কম্পিউটার
Host interface,হোস্ট ইন্টারফেস
Host node,হোস্ট নোড
Host switch,হোস্ট সুইচ
Host system,হোস্ট সিস্টেম
Hot chassis,হট চ্যাসিস
Hot standing,গরম স্ট্যান্ডিং
Hot zone,হট জোন
House keeping,গৃহস্থালি
"House keeping
 Operation","গৃহস্থালি
 অপারেশন"
Hub,হাব
Hub layout,হাব লেআউট
"Human aided
 Machine
 Translation","মানব সহায়তা
 মেশিন
 অনুবাদ"
"Human oriented
 Language","মানবমুখী
 ভাষা"
Hunting,শিকার
Hybrid coil,হাইব্রিড কয়েল
Hybrid computer,হাইব্রিড কম্পিউটার
"Hybrid integrated
 Circuit","হাইব্রিড ইন্টিগ্রেটেড
 সার্কিট"
Hybrid interface,হাইব্রিড ইন্টারফেস
"Hybrid
 Programming","হাইব্রিড
 প্রোগ্রামিং"
Hybrid set,হাইব্রিড সেট
Hybrid system,হাইব্রিড সিস্টেম
Hyphen drop,হাইফেন ড্রপ
"Identification
 Division","পরিচয়
 বিভাগ"
Identifier,সনাক্তকারী
Identifier word,সনাক্তকারী শব্দ
Identity,পরিচয়
Identity element,পরিচয় উপাদান
Identity gate,পরিচয় গেট
Identity operation,পরিচয় অপারেশন
Identity unit,পরিচয় ইউনিট
Idle character,নিষ্ক্রিয় চরিত্র
Idle line,নিষ্ক্রিয় লাইন
"Idle line
 Termination","নিষ্ক্রিয় লাইন
 সমাপ্তি"
Idle link,নিষ্ক্রিয় লিঙ্ক
"IF-AND-ONLY-
 IF Element","যদি এবং কেবল-
 যদি উপাদান"
"IF-AND-ONLY-
 IF Gate","যদি এবং কেবল-
 যদি গেট"
"IF-AND-ONLY-
 IF Operation","যদি এবং কেবল-
 অপারেশন যদি"
IF repeater,যদি রিপিটার
IF statement,যদি বিবৃতি
IF-THEN element,যদি-তবে উপাদান
IF-THEN-ELSE,যদি-তবে-এলস
IF-THEN gate,যদি-তবে গেট
"IF-THEN 
 Operation","যদি-তবে
 অপারেশন"
Ignore,উপেক্ষা
Ignore character,চরিত্র উপেক্ষা করুন
Illegal character,অবৈধ চরিত্র
Illegal operation,অবৈধ অপারেশন
Image,চিত্র
Image antenna,চিত্র অ্যান্টেনা
Image area,চিত্র অঞ্চল
Image dissector,চিত্র বিচ্ছিন্ন
Image graphics,চিত্র গ্রাফিক্স
Image printer,চিত্র প্রিন্টার
Image processing,চিত্র প্রক্রিয়াকরণ
Image sensor,ছবি সনাক্তকারী যন্ত্র
Image space,চিত্রের স্থান
Immediate access,তাত্ক্ষণিক অ্যাক্সেস
"Immediate access
 Storage","তাত্ক্ষণিক অ্যাক্সেস
 স্টোরেজ"
Immediate address,তাত্ক্ষণিক ঠিকানা
"Immediate
 Addressing","তাত্ক্ষণিক
 সম্বোধন"
Immediate data,তাত্ক্ষণিক ডেটা
"Immediate
 Instruction","তাত্ক্ষণিক
 নির্দেশ"
"Immediate
 Processing","তাত্ক্ষণিক
 প্রক্রিয়াজাতকরণ"
Immediate task,তাত্ক্ষণিক কাজ
Impact paper,প্রভাব কাগজ
Impact printer,প্রভাব প্রিন্টার
"Imperative
 Macroinstruction","অনুজ্ঞাসূচক
 ম্যাক্রোইনস্ট্রাকশন"
Imperative operation,অপরিহার্য অপারেশন
"Imperative 
 Statement","অনুজ্ঞাসূচক
 বিবৃতি"
Implication,জড়িত
Implicit address,অন্তর্নিহিত ঠিকানা
"Implicit
 Declaration","অন্তর্নিহিত
 ঘোষণা"
Implied addressing,অন্তর্নিহিত ঠিকানা
Imprinter,ছাপ
Imprinting,ছাপ
Imprint position,ছাপ অবস্থান
"Improved mobile
 Telephone service","উন্নত মোবাইল
 টেলিফোন পরিষেবা"
Impulse,প্ররোচিত
Impulse noise,আবেগ শব্দ
Inactive link,নিষ্ক্রিয় লিঙ্ক
Inactive node,নিষ্ক্রিয় নোড
Inactive station,নিষ্ক্রিয় স্টেশন
Inband signalling,ইনব্যান্ড সিগন্যালিং
Incidential time,কার্যনির্বাহী সময়
Incipient failure,ইনসিপিয়েন্ট ব্যর্থতা
"In-circuit
 Emulation","ইন-সার্কিট
 অনুকরণ"
Inclusion,অন্তর্ভুক্তি
"Inclusive-NOR
 Operation","অন্তর্ভুক্ত-নোর
 অপারেশন"
"Inclusive-OR
Element","অন্তর্ভুক্ত-বা
উপাদান"
Inclusive-OR gate,অন্তর্ভুক্ত-বা গেট
"Inclusive-OR
 Operation","অন্তর্ভুক্ত-বা
 অপারেশন"
Inclusive reference,অন্তর্ভুক্ত রেফারেন্স
Inclusive segment,অন্তর্ভুক্ত বিভাগ
Incoming message,আগত বার্তা
Incoming trunk,আগত ট্রাঙ্ক
Inconnector,অসুবিধা
Increment,বৃদ্ধি
"Incremental
 Compiler","ক্রমবর্ধমান
 সংকলক"
"Incremental
 Computer","ক্রমবর্ধমান
 কম্পিউটার"
"Incremental
 Execution","ক্রমবর্ধমান
 মৃত্যুদন্ড কার্যকর"
"Incremental
 Integrator","ক্রমবর্ধমান
 ইন্টিগ্রেটার"
"Incremental
 Representation","ক্রমবর্ধমান
 প্রতিনিধিত্ব"
Incremental vector,ইনক্রিমেন্টাল ভেক্টর
Incrementer,ইনক্রিমেন্টার
Increment size,বর্ধিত আকার
Indegree,ইন্ডেগ্রি
Indent,ইন্ডেন্ট
"Indent tab
 Character","ইন্ডেন্ট ট্যাব
 চরিত্র"
"Indeterminate
 System","অনির্দিষ্ট
 পদ্ধতি"
"Indeterminate (X)
 State","অনির্দিষ্ট (x)
 রাষ্ট্র"
Index build,সূচক বিল্ড
Index character,সূচক চরিত্র
Index data item,সূচক ডেটা আইটেম
Indexed address,সূচক ঠিকানা
Indexed data name,সূচকযুক্ত ডেটা নাম
Indexed data set,সূচকযুক্ত ডেটা সেট
Indexed file,সূচকযুক্ত ফাইল
"Indexed sequential
 Access method","সূচকযুক্ত ক্রম
 অ্যাক্সেস পদ্ধতি"
"Indexed sequential
 Data set","সূচকযুক্ত ক্রম
 ডেটা সেট"
"Indexed sequential
 Organization","সূচকযুক্ত ক্রম
 সংগঠন"
Index entry,সূচক এন্ট্রি
Index file,সূচক ফাইল
Index hole,সূচক গর্ত
Indexing,সূচক
"Indexing and
 Abstracting","সূচক এবং
 বিমূর্ত"
Index name,সূচকের নাম
Index plan,সূচক পরিকল্পনা
Index register,সূচক রেজিস্টার
"Index return
 Character","সূচক রিটার্ন
 চরিত্র"
"Index sequential
 File","সূচক ক্রম
 ফাইল"
"Index sequential
 Method","সূচক ক্রম
 পদ্ধতি"
Index slot,সূচক স্লট
Index term,সূচক শব্দ
Index word,সূচক শব্দ
Indicator,সূচক
Indirect access,পরোক্ষ অ্যাক্সেস
Indirect address,পরোক্ষ ঠিকানা
Indirect addressing,পরোক্ষ ঠিকানা
Indirect instruction,পরোক্ষ নির্দেশনা
"Individual line
 Service","স্বতন্ত্র লাইন
 পরিষেবা"
Inference engine,অনুমান ইঞ্জিন
"Inferior
(= Subscript)","নিকৃষ্ট
(= সাবস্ক্রিপ্ট)"
Infinite pad method,অসীম প্যাড পদ্ধতি
Infix notation,ইনফিক্স স্বরলিপি
Infix operation,ইনফিক্স অপারেশন
Informatics,তথ্য
Information,তথ্য
"Information-
 Bearer channel","তথ্য-
 বহনকারী চ্যানেল"
Information bit,তথ্য বিট
"Information
 Channel","তথ্য
 চ্যানেল"
"Information
 Content","তথ্য
 বিষয়বস্তু"
"Information
 Content binary
 Unit","তথ্য
 বিষয়বস্তু বাইনারি
 ইউনিট"
"Information
 Content decimal
 Unit","তথ্য
 বিষয়বস্তু দশমিক
 ইউনিট"
"Information
 Content natural
 Unit","তথ্য
 বিষয়বস্তু প্রাকৃতিক
 ইউনিট"
Information cost,তথ্য ব্যয়
"Information
 Feedback system","তথ্য
 প্রতিক্রিয়া সিস্টেম"
"Information flow
 Analysis","তথ্য প্রবাহ
 বিশ্লেষণ"
"Information
 Function","তথ্য
 ফাংশন"
"Information
 Interchange","তথ্য
 ইন্টারচেঞ্জ"
"Information
 Measure","তথ্য
 পরিমাপ করা"
"Information
 Processing","তথ্য
 প্রক্রিয়াজাতকরণ"
Information rate,তথ্য হার
"Information
 Retrieval","তথ্য
 পুনরুদ্ধার"
"Information
 Retrieval system","তথ্য
 পদ্ধতি পুনরুদ্ধার করা"
"Information
 Separator","তথ্য
 বিভাজক"
Information sink,তথ্য সিঙ্ক
"Information
 Source","তথ্য
 সূত্র"
"Information
 Technology","তথ্য
 প্রযুক্তি"
Information theory,তথ্য তত্ত্ব
"Information
 Transfer module","তথ্য
 স্থানান্তর মডিউল"
Information word,তথ্য শব্দ
"Inherent
 Transparency","সহজাত
 স্বচ্ছতা"
Inherited error,উত্তরাধিকার সূত্রে ত্রুটি
Inhibited input,ইনপুট বাধা
Inhibited state,বাধা রাষ্ট্র
Inhibiting signal,বাধা সংকেত
Inhibit pulse,নাড়ি বাধা
In-house line,ইন-হাউস লাইন
In-house system,ইন-হাউস সিস্টেম
Initial address,প্রাথমিক ঠিকানা
"Initial condition
 Mode","প্রাথমিক অবস্থা
 মোড"
Initial instruction,প্রাথমিক নির্দেশ
Initialization,আরম্ভ
Initialize,আরম্ভ করুন
Initializer routine,ইনিশিয়ালাইজার রুটিন
Initial order,প্রাথমিক আদেশ
Initial procedure,প্রাথমিক পদ্ধতি
"Initial program
 Load","প্রাথমিক প্রোগ্রাম
 ভার"
"Initial program
 Loader","প্রাথমিক প্রোগ্রাম
 লোডার"
Initiator procedure,সূচনা পদ্ধতি
Initiator task,সূচনা টাস্ক
"Initiator/termi-
 Nator","সূচনা/টার্ম-
 নেটর"
Inking,ইনকিং
Ink jet printer,ইঙ্কজেট প্রিন্টার
Ink uniformity,কালি ইউনিফর্মিটি
In-line code,ইন-লাইন কোড
In-line procedure,ইন-লাইন পদ্ধতি
In-line processing,ইন-লাইন প্রসেসিং
In-line recovery,ইন-লাইন পুনরুদ্ধার
In-line subrutine,ইন-লাইন সাবরুটিন
Inner code,অভ্যন্তরীণ কোড
"Inner
 Macroinstruction","অভ্যন্তরীণ
 ম্যাক্রোইনস্ট্রাকশন"
Inoperable time,অক্ষম সময়
"In-plant system
 (= Inhouse
 System)","ইন-প্ল্যান্ট সিস্টেম
 (= ইনহাউস
 পদ্ধতি)"
Input area,ইনপুট অঞ্চল
Input block,ইনপুট ব্লক
"Input blocking
Factor","ইনপুট ব্লকিং
ফ্যাক্টর"
"Input buffer
 Register","ইনপুট বাফার
 নিবন্ধন"
Input channel,ইনপুট চ্যানেল
"Input data
 Validation","তথ্য অন্তর্ভুক্তী
 বৈধতা"
Input field,ইনপুট ক্ষেত্র
"Input instruction
 Code","ইনপুট নির্দেশ
 কোড"
Input job stream,ইনপুট কাজের স্ট্রিম
"Input limited
 Program","ইনপুট সীমাবদ্ধ
 কার্যক্রম"
Input loading,ইনপুট লোডিং
Input output board,ইনপুট আউটপুট বোর্ড
"Input output
 Buffer","ইনপুট আউটপুট
 বাফার"
"Input output
 Controller","ইনপুট আউটপুট
 নিয়ামক"
"Input output
 Control system","ইনপুট আউটপুট
 নিয়ন্ত্রণ ব্যবস্থা"
Input output cycle,ইনপুট আউটপুট চক্র
"Input output
 Device","ইনপুট আউটপুট
 যন্ত্র"
"Input output
 Interruption","ইনপুট আউটপুট
 বাধা"
Input-output (I/O),ইনপুট-আউটপুট (আই/ও)
"Input output
 Library","ইনপুট আউটপুট
 গ্রন্থাগার"
"Input output
 Limited operation","ইনপুট আউটপুট
 সীমিত অপারেশন"
"Input output
 Processor","ইনপুট আউটপুট
 প্রসেসর"
"Input output
 Referencing","ইনপুট আউটপুট
 রেফারেন্সিং"
"Input output
 Register","ইনপুট আউটপুট
 নিবন্ধন"
"Input output
 Routine","ইনপুট আউটপুট
 রুটিন"
"Input output
 Section","ইনপুট আউটপুট
 অধ্যায়"
"Input output
 Statement","ইনপুট আউটপুট
 বিবৃতি"
"Input output
 Switching","ইনপুট আউটপুট
 স্যুইচিং"
Input output unit,ইনপুট আউটপুট ইউনিট
Input process,ইনপুট প্রক্রিয়া
Input program,ইনপুট প্রোগ্রাম
Input reader,ইনপুট রিডার
Input referance,ইনপুট রেফারেন্স
Input routine,ইনপুট রুটিন
Input section,ইনপুট বিভাগ
Input state,ইনপুট রাজ্য
Input station,ইনপুট স্টেশন
Input storage,ইনপুট স্টোরেজ
Input stream,ইনপুট স্ট্রিম
Input translator,ইনপুট অনুবাদক
Input unit,ইনপুট ইউনিট
Input validation,ইনপুট বৈধতা
"Inquiry and 
 Transaction
 Processing","তদন্ত এবং
 লেনদেন
 প্রক্রিয়াজাতকরণ"
Inquiry character,তদন্ত চরিত্র
"Inquiry display
 Terminal","তদন্ত প্রদর্শন
 টার্মিনাল"
Inquiry/reply,অনুসন্ধান/উত্তর
"Inquiry/response
 Operation","অনুসন্ধান/প্রতিক্রিয়া
 অপারেশন"
Inquiry station,তদন্ত স্টেশন
Inquiry transaction,তদন্ত লেনদেন
Inquiry unit,তদন্ত ইউনিট
Inscribe,শিলালিপি
Insert,.োকান
"Insertion picture
 Character","সন্নিবেশ ছবি
 চরিত্র"
Insertion sort,সন্নিবেশ বাছাই
Inside plant,ভিতরে উদ্ভিদ
In spool area,স্পুল এলাকায়
Installation charge,ইনস্টলেশন চার্জ
Installation processing control,ইনস্টলেশন প্রসেসিং নিয়ন্ত্রণ
"Installation tape
 Number","ইনস্টলেশন টেপ
 সংখ্যা"
Installation time,ইনস্টলেশন সময়
In-stream procedure,স্ট্রিম পদ্ধতি
Instruction,নির্দেশ
Instruction address,নির্দেশের ঠিকানা
"Instruction address
 Register","নির্দেশের ঠিকানা
 নিবন্ধন"
"Instruction address
 Stop","নির্দেশের ঠিকানা
 থামুন"
Instruction area,নির্দেশিকা অঞ্চল
Instruction code,নির্দেশ কোড
"Instruction
 Constant","নির্দেশ
 ধ্রুবক"
"Instruction control
 Unit","নির্দেশ নিয়ন্ত্রণ
 ইউনিট"
Instruction counter,নির্দেশনা কাউন্টার
Instruction deck instruction decoder,নির্দেশিকা ডেক নির্দেশিকা ডিকোডার
Instruction format,নির্দেশ ফর্ম্যাট
Instruction mix,নির্দেশনা মিশ্রণ
"Instruction 
 Modifier","নির্দেশ
 সংশোধক"
Instruction pack,নির্দেশ প্যাক
Instruction register,নির্দেশিকা নিবন্ধ
"Instruction 
 Repertoire","নির্দেশ
 পুস্তক"
Instruction set,নির্দেশনাবলী
"Instruction 
 Statement","নির্দেশ
 বিবৃতি"
Instruction storage,নির্দেশিকা সঞ্চয়
Instruction word,নির্দেশ শব্দ
Integer constant,পূর্ণসংখ্যা ধ্রুবক
"Integer
 Programming","পূর্ণসংখ্যা
 প্রোগ্রামিং"
Integer variable,পূর্ণসংখ্যার পরিবর্তনশীল
Integral boundary,অবিচ্ছেদ্য সীমানা
Integrated adapter,ইন্টিগ্রেটেড অ্যাডাপ্টার
"Integrated
 Attachment","সমন্বিত
 সংযুক্তি"
"Integrated
 Communication
 Adapter","সমন্বিত
 যোগাযোগ
 অ্যাডাপ্টার"
"Integrated data
 Base","সংহত ডেটা
 বেস"
"Integrated data
 Processing","সংহত ডেটা
 প্রক্রিয়াজাতকরণ"
"Integrated digital
 Network","সংহত ডিজিটাল
 অন্তর্জাল"
Integrated disk,ইন্টিগ্রেটেড ডিস্ক
"Integrated
 Emulator","সমন্বিত
 এমুলেটর"
"Integrated file
 Adapter","সংহত ফাইল
 অ্যাডাপ্টার"
Integrated modem,ইন্টিগ্রেটেড মডেম
"Integrated
 Software","সমন্বিত
 সফটওয়্যার"
"Integrated word
 Processing","সংহত শব্দ
 প্রক্রিয়াজাতকরণ"
"Integrated word
 Processing
 Equipment","সংহত শব্দ
 প্রক্রিয়াজাতকরণ
 সরঞ্জাম"
Integrating motor,সংহত মোটর
"Intelligent
 Controller","বুদ্ধিমান
 নিয়ামক"
Intelligent copier,বুদ্ধিমান কপিয়ার
"Intelligent
 Terminal","বুদ্ধিমান
 টার্মিনাল"
"Intelligible cross
 Talk","বোধগম্য ক্রস
 আলাপ"
Interaction,মিথষ্ক্রিয়া
"Interactive
 Graphics","ইন্টারেক্টিভ
 গ্রাফিক্স"
"Interactive
 Keyboard printer","ইন্টারেক্টিভ
 কীবোর্ড প্রিন্টার"
Interactive routine,ইন্টারেক্টিভ রুটিন
Interactive system,ইন্টারেক্টিভ সিস্টেম
Interblock gap,ইন্টারব্লক গ্যাপ
"Intercepted
 Terminal","বাধা
 টার্মিনাল"
Intercepting trunk,বাধা ট্রাঙ্ক
Intercept operator,ইন্টারসেপ্ট অপারেটর
Intercept service,বাধা পরিষেবা
Intercommunication system,আন্তঃসংযোগ ব্যবস্থা
Intercom service,ইন্টারকম পরিষেবা
"Interconnecting
 Unit","আন্তঃসংযোগ
 ইউনিট"
Intercycle,ইন্টারসাইকেল
"Interexchange
 Channel","ইন্টারএক্সচেঞ্জ
 চ্যানেল"
Interface,ইন্টারফেস
"Interface 
 Processor","ইন্টারফেস
 প্রসেসর"
Interface routine,ইন্টারফেস রুটিন
"Interface
 Specification","ইন্টারফেস
 স্পেসিফিকেশন"
Interfix,ইন্টারফিক্স
Interior label,অভ্যন্তর লেবেল
Interlanguage,আন্তঃল্যাং
Interleave,ইন্টারলিভ
Interleaved array,ইন্টারলিভেড অ্যারে
"Interleaved
 Subscript","ইন্টারলিভড
 সাবস্ক্রিপ্ট"
Interleaving,ইন্টারলিভিং
Interlude,অন্তরায়
"Intermediate
 Buffer","মধ্যবর্তী
 বাফার"
"Intermediate
 Distributing
 Frame","মধ্যবর্তী
 বিতরণ
 ফ্রেম"
"Intermediate
 Equipment","মধ্যবর্তী
 সরঞ্জাম"
Intermediate node,মধ্যবর্তী নোড
"Intermediate pass
 (Sorting)","মধ্যবর্তী পাস
 (শ্রেণীবিভাজন)"
Intermediate total,মধ্যবর্তী মোট
Intermediate delay,মধ্যবর্তী বিলম্ব
Intermittent error,মাঝে মাঝে ত্রুটি
Intermix tape,ইন্টারমিক্স টেপ
Internal block,অভ্যন্তরীণ ব্লক
Internal format,অভ্যন্তরীণ ফর্ম্যাট
"Internal
 Fragmentation","অভ্যন্তরীণ
 খণ্ডন"
Internal interrupt,অভ্যন্তরীণ বাধা
Internal label,অভ্যন্তরীণ লেবেল
Internal memory,অভ্যন্তরীণ মেমরি
Internal model,অভ্যন্তরীণ মডেল
Internal name,অভ্যন্তরীণ নাম
Internal procedure,অভ্যন্তরীণ পদ্ধতি
Internal reader,অভ্যন্তরীণ পাঠক
Internal schema,অভ্যন্তরীণ স্কিমা
Internal sort,অভ্যন্তরীণ বাছাই
Internal storage,অভ্যন্তরীণ সংরক্ষণ ব্যবস্থা
Internal text,অভ্যন্তরীণ পাঠ্য
Internal timer,অভ্যন্তরীণ টাইমার
Internal writer,অভ্যন্তরীণ লেখক
"International
 Algebraic
 Language","আন্তর্জাতিক
 বীজগণিত
 ভাষা"
"International
 Direction distance
 Dialing","আন্তর্জাতিক
 দিকের দূরত্ব
 ডায়ালিং"
"International
 Organization for
 Standardization
 (ISO)","আন্তর্জাতিক
 জন্য সংস্থা
 মানীকরণ
 (আইএসও)"
"International
 Record carrier","আন্তর্জাতিক
 রেকর্ড ক্যারিয়ার"
Interoffice trunk,ইন্টারফিস ট্রাঙ্ক
Interpositioning,ইন্টারপজিশনিং
Interposition trunk,ইন্টারপজিশন ট্রাঙ্ক
Interpreter,দোভাষী
Interpreter code,দোভাষী কোড
Interpretive code,ব্যাখ্যামূলক কোড
"Interpretive
 Execution","ব্যাখ্যামূলক
 মৃত্যুদন্ড কার্যকর"
"Interpretive
 Program","ব্যাখ্যামূলক
 কার্যক্রম"
"Interpretive
 Routine","ব্যাখ্যামূলক
 রুটিন"
"Interpretive trace
 Program","ব্যাখ্যামূলক ট্রেস
 কার্যক্রম"
Interrecord gap,ইন্টাররেকর্ড গ্যাপ
Interrobang,আন্তঃব্যাং
Interrogating,জিজ্ঞাসাবাদ
Interrogation,জিজ্ঞাসাবাদ
Interrogator,জিজ্ঞাসাবাদক
"Interrput request
 Signal","ইন্টাররপুট অনুরোধ
 সংকেত"
Interrupt driver,বাধা চালক
Interrupt handler,বাধা হ্যান্ডলার
"Interruptible
 Routine","বাধা
 রুটিন"
"Interruptible
System","বাধা
পদ্ধতি"
"Interruption
 Network","বাধা
 অন্তর্জাল"
Interrupt latency,বাধা বিলম্ব
Interrupt linkage,বাধা লিঙ্কেজ
Interrupt mask,বাধা মুখোশ
Interrupt priority,বাধা অগ্রাধিকার
Interrupt stacking,বাধা স্ট্যাকিং
Interrupt trap,বাধা ফাঁদ
"Interrupt trigger
 Signal","বাধা ট্রিগার
 সংকেত"
Interrupt vector,বাধা ভেক্টর
Intersatellite link,ইন্টারসেটেলাইট লিঙ্ক
"Interstage
 Punching","ইন্টারস্টেজ
 ঘুষি মারছে"
"Intersymbol
 Interference","আন্তঃসাম্বল
 হস্তক্ষেপ"
"Interval service
 Value","ব্যবধান পরিষেবা
 মান"
Interval timer,ব্যবধান টাইমার
Interworking,আন্তঃসংযোগ
Intimate,অন্তরঙ্গ
Intrastate toll,অন্তঃসত্ত্বা টোল
Intrusion tone,অনুপ্রবেশ টোন
Invalid character,অকার্যকর চরিত্র
"Invalid exclusive
 Reference","অবৈধ একচেটিয়া
 রেফারেন্স"
"Invalid key
 Condition","ভুল চাবি
 শর্ত"
"Inventory master
 File","ইনভেন্টরি মাস্টার
 ফাইল"
Invert,উল্টো
Inverted file,উল্টানো ফাইল
Inverter,বৈদ্যুতিন সংকেতের মেরু বদল
Invitation list,আমন্ত্রণ তালিকা
Invocation,অনুরোধ
Invoke,আহ্বান
Invoked procedure,আহ্বান পদ্ধতি
Invoking block,অনুরোধ ব্লক
Ionterrupt signal,আয়নারেট সিগন্যাল
"Irrecoverable
 Error","অপ্রয়োজনীয়
 ত্রুটি"
Irrelevance,অপ্রাসঙ্গিকতা
"Irreversible 
 Magnetic process","অপরিবর্তনীয়
 চৌম্বকীয় প্রক্রিয়া"
Isolated location,বিচ্ছিন্ন অবস্থান
ISO size,আইএসও আকার
ISO standard,আইএসও স্ট্যান্ডার্ড
Item advance,আইটেম অগ্রিম
Item count,আইটেম গণনা
Item size,আইটেমের আকার
Iterate,পুনরাবৃত্তি
Iteration,পুনরাবৃত্তি
Iteration factor,পুনরাবৃত্তি ফ্যাক্টর
Iteration routine,পুনরাবৃত্তি রুটিন
Iterative do-group,পুনরাবৃত্ত ডু-গ্রুপ
Iterative operation,পুনরাবৃত্ত অপারেশন
Iversion notation,আইভারশন স্বরলিপি
Jitter,জিটার
Job batch,জব ব্যাচ
Job class,কাজের ক্লাস
Job control,চাকরি নিয়ন্ত্রণ
"Job control
 Language","চাকরি নিয়ন্ত্রণ
 ভাষা"
"Job control
 Statement","চাকরি নিয়ন্ত্রণ
 বিবৃতি"
Job definition,কাজের সংজ্ঞা
Job-flow control,চাকরি-প্রবাহ নিয়ন্ত্রণ
Job input device,জব ইনপুট ডিভাইস
Job input file,জব ইনপুট ফাইল
Job input stream,কাজের ইনপুট স্ট্রিম
Job library,জব লাইব্রেরি
Job management,চাকরি ব্যবস্থাপনা
Job name,কাজের নাম
"Job-oriented
 Language","চাকরিমুখী
 ভাষা"
"Job-oriented
 Terminal","চাকরিমুখী
 টার্মিনাল"
Job output device,কাজের আউটপুট ডিভাইস
Job output file,কাজের আউটপুট ফাইল
Job output stream,কাজের আউটপুট স্ট্রিম
Job pack area,জব প্যাক অঞ্চল
Job priority,কাজের অগ্রাধিকার
Job processing,কাজের প্রক্রিয়াজাতকরণ
Job program mode,জব প্রোগ্রাম মোড
"Job-recovery
 Control file","চাকরি-পুনরুদ্ধার
 ফাইল নিয়ন্ত্রণ করুন"
Job separator page,চাকরি বিভাজক পৃষ্ঠা
Job statement,কাজের বিবৃতি
Job step,কাজের পদক্ষেপ
Job step initiation,কাজের পদক্ষেপ দীক্ষা
Job step restart,কাজের পদক্ষেপ পুনঃসূচনা
Job stick,জব স্টিক
Job stream,কাজের স্ট্রিম
Job support task,কাজ সমর্থন টাস্ক
Joggle,জগল
Join,যোগ দিন
Joint access cost,যৌথ অ্যাক্সেস ব্যয়
Joint information content,যৌথ তথ্য সামগ্রী
Josephson junction,জোসেফসন জংশন
Journal,জার্নাল
Journaling,জার্নালিং
Journal report,জার্নাল রিপোর্ট
Journal tape,জার্নাল টেপ
Jumbo group,জাম্বো গ্রুপ
Jumper,জাম্পার
Jumper selectable,জাম্পার নির্বাচনযোগ্য
Jump instruction,জাম্প নির্দেশ
Junctor,Junktor
Junk,জাঙ্ক
Justification,ন্যায্যতা
Justification range,ন্যায়সঙ্গত পরিসীমা
Justified margin,ন্যায়সঙ্গত মার্জিন
Karnaugh map,কর্নহো মানচিত্র
Katakna,কাতাকনা
Kerning,কার্নিং
Keyboard,কীবোর্ড
"Keyboard
 Computer","কীবোর্ড
 কম্পিউটার"
Keyboard entry,কীবোর্ড এন্ট্রি
Keyboard inquiry,কীবোর্ড তদন্ত
Keyboard lockout,কীবোর্ড লকআউট
"Keyboard
 Perforator","কীবোর্ড
 ছিদ্রকারী"
Keyboard punch,কীবোর্ড পাঞ্চ
"Keyboard
 Send/receive","কীবোর্ড
 পাঠান এবং গ্রহন করা"
Key click,কী ক্লিক করুন
Key-click filter,কী-ক্লিক ফিল্টার
Key-driven,কী চালিত
"Keyed direct
 Access","চাবি প্রত্যক্ষ
 অ্যাক্সেস"
Key-encrypting key,কী-এনক্রিপ্টিং কী
Key entry,কী এন্ট্রি
"Key folding =
 Hashing","কী ভাঁজ =
 হ্যাশিং"
Keying chirp,চেইং চিপ
Keying wave,কীিং তরঙ্গ
Key mat,কী মাদুর
Key pad,কী প্যাড
Key phase,মূল পর্ব
Key pulse,কী পালস
Key-pulsing signal,কী-পালসিং সিগন্যাল
Key punch,কী পাঞ্চ
Key sorting,কী বাছাই
Key stroke,কী স্ট্রোক
"Key-stroke
 Verification","কী স্ট্রোক
 প্রতিপাদন"
Key tape,কী টেপ
Key telephone set,কী টেলিফোন সেট
"Key telephone
 System","কী টেলিফোন
 পদ্ধতি"
Key-to-disk,কী-টু-ডিস্ক
Key to floppy,ফ্লপি কী
Key to tape,টেপের কী
Key transformation,মূল রূপান্তর
"Key word in 
Context","মূল শব্দ
প্রসঙ্গ"
"Key-word
 Parameter","কী-শব্দ
 প্যারামিটার"
Kilobaud,কিলোবাউড
Kilobyte,কিলোবাইট
Kilomega,কিলোমেগা
Kips (kiloinstructions-persecond),কিপস (কিলোইনস্ট্রাকশনস-পার্সেকেন্ড)
Label constant,ধ্রুবক লেবেল
Labelled common,সাধারণ লেবেল
Labelling,লেবেলিং
Label list,লেবেল তালিকা
Label record,লেবেল রেকর্ড
Label variable,লেবেল পরিবর্তনশীল
Laced card,লেসড কার্ড
Land-line facility,ল্যান্ড-লাইন সুবিধা
Language (cobol),ভাষা (সিওবিএল)
"Language
 Converter","ভাষা
 রূপান্তরকারী"
"Language
 Interpreter","ভাষা
 দোভাষী"
"Language
 Processor","ভাষা
 প্রসেসর"
"Language
 Statement","ভাষা
 বিবৃতি"
Language subset,ভাষা উপসেট
"Language
 Translation
 Feature","ভাষা
 অনুবাদ
 বৈশিষ্ট্য"
"Language
 Translator","ভাষা
 অনুবাদক"
"Large scale
 Integration","বড় স্কেল
 মিশ্রণ"
"Laser
 Communication","লেজার
 যোগাযোগ"
"Laser emulsion
 Storage","লেজার ইমালসন
 স্টোরেজ"
Laser jet printer,লেজার জেট প্রিন্টার
Latch,ল্যাচ
Latching,ল্যাচিং
Latency (time),বিলম্ব (সময়)
"Lateral redundancy
 Check","পার্শ্বীয় অপ্রয়োজনীয়তা
 পরীক্ষা করুন"
Lateral reversal,পার্শ্বীয় বিপরীত
Leader,নেতা
Leader record,নেতা রেকর্ড
Leading control,শীর্ষস্থানীয় নিয়ন্ত্রণ
Leading decision,শীর্ষস্থানীয় সিদ্ধান্ত
Leading end,অগ্রণী শেষ
Leading graphics,শীর্ষস্থানীয় গ্রাফিক্স
Leading zero,শীর্ষস্থানীয় শূন্য
Leapfrog test,লিপফ্রোগ পরীক্ষা
Leased channel,ইজারা চ্যানেল
"Leased circuit
 Data-transmission
 Service","ইজারা সার্কিট
 ডেটা-সংক্রমণ
 পরিষেবা"
Leased line,লিজড লাইন
Leasing,ইজারা
"Least frequently
 Used memory","কমপক্ষে ঘন ঘন
 ব্যবহৃত স্মৃতি"
"Least recently used
 Memory","কমপক্ষে সম্প্রতি ব্যবহৃত
 স্মৃতি"
Least significant,কম গুরুত্বপূর্ণ
"Least significant
 Character","কম গুরুত্বপূর্ণ
 চরিত্র"
"Least significant
 Digit","কম গুরুত্বপূর্ণ
 অঙ্ক"
"Left-hand margin
 Indent","বাম হাতের মার্জিন
 ইন্ডেন্ট"
Left justification,বাম ন্যায্যতা
Leg,পা
Length,দৈর্ঘ্য
"Length
 Specification","দৈর্ঘ্য
 স্পেসিফিকেশন"
Letter,চিঠি
Letter code,চিঠি কোড
Letter out,চিঠি আউট
Letter quality,চিঠির গুণমান
Letter shift,চিঠি শিফট
Level,স্তর
Level compensator,স্তর ক্ষতিপূরণকারী
Level indicator,স্তর সূচক
Level number,স্তর সংখ্যা
Level of access,অ্যাক্সেস স্তর
Level of addressing,সম্বোধনের স্তর
Level-one variable,স্তর-এক পরিবর্তনশীল
Level order,স্তর আদেশ
Level overload,স্তর ওভারলোড
"Level source
 Language","স্তর উত্স
 ভাষা"
"Level states
 Register","স্তর রাজ্য
 নিবন্ধন"
Lexeme,লেক্সেমে
Lexicon,অভিধান
Librarian,গ্রন্থাগারিক
Librarian program,গ্রন্থাগারিক প্রোগ্রাম
Library,গ্রন্থাগার
Library directory,গ্রন্থাগার ডিরেক্টরি
Library facility,গ্রন্থাগার সুবিধা
Library file editor,গ্রন্থাগার ফাইল সম্পাদক
Library program,গ্রন্থাগার প্রোগ্রাম
Library routine,গ্রন্থাগার রুটিন
Library subroutine,লাইব্রেরি সাবরুটাইন
Library tape,গ্রন্থাগার টেপ
Library track,গ্রন্থাগার ট্র্যাক
"Licensed
 Documentation","লাইসেন্স
 ডকুমেন্টেশন"
"Licensed 
 Publication","লাইসেন্স
 প্রকাশনা"
Light button,হালকা বোতাম
Light conduit,হালকা জলবাহী
"Light-emitting
 Diode","হালকা-নির্গমন
 ডায়োড"
"Light-emitting
 Diode display","হালকা-নির্গমন
 ডায়োড প্রদর্শন"
Light guide,হালকা গাইড
Light gun,হালকা বন্দুক
Light pen,হালকা কলম
Light pen attention,হালকা কলমের মনোযোগ
Light pen detection,হালকা কলম সনাক্তকরণ
Light pen hit,হালকা কলম আঘাত
Light pen strike,হালকা কলম ধর্মঘট
Light pen tracking,হালকা কলম ট্র্যাকিং
Light stability,হালকা স্থিতিশীলতা
Limit check,সীমাবদ্ধ চেক
"Limited distance
 Adapter","সীমিত দূরত্ব
 অ্যাডাপ্টার"
Limiter,সীমাবদ্ধ
Limiter circuit,সীমাবদ্ধ সার্কিট
Line,লাইন
Line adapter,লাইন অ্যাডাপ্টার
Line adapter unit,লাইন অ্যাডাপ্টার ইউনিট
"Linear bounded
 Automata","লিনিয়ার সীমাবদ্ধ
 অটোমেটা"
Linear combiner,লিনিয়ার কম্বিনার
Linear distortion,লিনিয়ার বিকৃতি
"Linear integrated
 Circuit","লিনিয়ার ইন্টিগ্রেটেড
 সার্কিট"
Linearity,লিনিয়ারিটি
Linear language,লিনিয়ার ভাষা
Linear list,লিনিয়ার তালিকা
Linear optimization,লিনিয়ার অপ্টিমাইজেশন
"Linear
 Programming","লিনিয়ার
 প্রোগ্রামিং"
Linear regulator,লিনিয়ার নিয়ন্ত্রক
"Linear
 Representation","লিনিয়ার
 প্রতিনিধিত্ব"
Linear search,লিনিয়ার অনুসন্ধান
Linear selection,লিনিয়ার নির্বাচন
Linear unit,লিনিয়ার ইউনিট
"Line-at-a-time
 Printer (= line
 Printer)","লাইন-এ-এ-টাইম
 প্রিন্টার (= লাইন)
 প্রিন্টার)"
Line character,লাইন চরিত্র
Line code,লাইন কোড
Line concentration,লাইন ঘনত্ব
Line control,লাইন নিয়ন্ত্রণ
Line control block,লাইন নিয়ন্ত্রণ ব্লক
"Line control
 Discipline (= line
 Protocol)","লাইন নিয়ন্ত্রণ
 শৃঙ্খলা (= লাইন
 প্রোটোকল)"
Line counter,লাইন কাউন্টার
Line data set,লাইন ডেটা সেট
Line delete symbol,লাইন মুছুন প্রতীক
"Line deletion
 Character","লাইন মুছে ফেলা
 চরিত্র"
"Line discipline
 (= Line protocol)","লাইন শৃঙ্খলা
 (= লাইন প্রোটোকল)"
"Line drawing
 Display","রেখাচিত্র
 প্রদর্শন"
Line driver,লাইন ড্রাইভার
Line editing,লাইন সম্পাদনা
"Line-end
 Adjustment","লাইন-এন্ড
 সামঞ্জস্য"
"Line-end control
 Key","লাইন-শেষ নিয়ন্ত্রণ
 চাবি"
Line-ending zone,লাইন-শেষ অঞ্চল
Line-end zone,লাইন-এন্ড জোন
Line equipment,লাইন সরঞ্জাম
Line feed,লাইন ফিড
Line feed character,লাইন ফিড চরিত্র
Line filter balance,লাইন ফিল্টার ভারসাম্য
Line finder,লাইন সন্ধানকারী
Line generator,লাইন জেনারেটর
Line group,লাইন গ্রুপ
Line hit,লাইন হিট
Line impedance,লাইন প্রতিবন্ধকতা
Line index,লাইন সূচক
Line interface base,লাইন ইন্টারফেস বেস
Line key,লাইন কী
Line level,লাইন স্তর
Line link pulsing,লাইন লিঙ্ক পালসিং
Line load,লাইন লোড
Line loop,লাইন লুপ
"Line loop
 Resistance","লাইন লুপ
 প্রতিরোধ"
"Line
 Misregistration","লাইন
 ভুল নিবন্ধন"
"Line mode, Switching","লাইন মোড, স্যুইচিং"
Line noise,লাইন শব্দ
Line number,লাইন সংখ্যা
"Line number
 Editing","লাইন সংখ্যা
 সম্পাদনা"
Line printer,লাইন প্রিন্টার
Line printing,লাইন মুদ্রণ
Line protocol,লাইন প্রোটোকল
Line relay,লাইন রিলে
"Line response
 Mode","লাইন প্রতিক্রিয়া
 মোড"
Line skew,লাইন স্কিউ
Line speed,লাইন গতি
Lines-per-inch,লাইন-প্রতি ইঞ্চি
Line status,লাইন স্থিতি
Line stretcher,লাইন স্ট্রেচার
Line surge,লাইন সার্জ
Line switching,লাইন স্যুইচিং
Line traffic,লাইন ট্র্যাফিক
Link,লিঙ্ক
Linkage,লিঙ্কেজ
Linkage editor,লিঙ্কেজ সম্পাদক
Linkage section,লিঙ্কেজ বিভাগ
Link-attached,লিঙ্ক-সংযুক্ত
"Link-attached
 Station","লিঙ্ক-সংযুক্ত
 স্টেশন"
"Link-attached
 Terminal","লিঙ্ক-সংযুক্ত
 টার্মিনাল"
Link bit,লিঙ্ক বিট
"Link-by-link
 Signaling","লিঙ্ক বাই লিঙ্ক
 সংকেত"
Link connection,লিঙ্ক সংযোগ
Link control,লিঙ্ক নিয়ন্ত্রণ
"Link control
 Procedure","লিঙ্ক নিয়ন্ত্রণ
 পদ্ধতি"
Link edit,লিঙ্ক সম্পাদনা
"Linked sequential
 File","লিঙ্কযুক্ত ক্রম
 ফাইল"
Linked subroutine,লিঙ্কযুক্ত সাবরুটাইন
Linker,লিঙ্কার
Link group,লিঙ্ক গ্রুপ
Linking loader,লিঙ্কিং লোডার
"Linking loader
 Executive","লিঙ্কিং লোডার
 কার্যনির্বাহী"
Link protocol,লিঙ্ক প্রোটোকল
"LISP (list
 Processing)","লিস্প (তালিকা
 প্রক্রিয়াজাতকরণ)"
"List-directed
 Transmission","তালিকা নির্দেশিত
 সংক্রমণ"
Listening mode,শ্রবণ মোড
"List handling
 Statement","হ্যান্ডলিং তালিকা
 বিবৃতি"
Listing,তালিকা
List processing,তালিকা প্রক্রিয়াজাতকরণ
List processing language,প্রসেসিং ভাষা তালিকা
"List processing
 Program","তালিকা প্রক্রিয়াজাতকরণ
 কার্যক্রম"
List structure,তালিকা কাঠামো
Literal,আক্ষরিক
Literal operand,আক্ষরিক অপারেন্ড
Literal pool,আক্ষরিক পুল
Literal search,আক্ষরিক অনুসন্ধান
Literature search,সাহিত্য অনুসন্ধান
Live keyboard,লাইভ কীবোর্ড
Load,ভার
Load balancing,ভারসাম্য লোড
Load card,লোড কার্ড
Load coil,লোড কয়েল
Loaded line,লোড লাইন
Loaded origin,লোড উত্স
Loader,লোডার
"Loader program
(= Loader)","লোডার প্রোগ্রাম
(= লোডার)"
Loader type,লোডার টাইপ
Load facility,লোড সুবিধা
Load image,চিত্র লোড
Loading,লোড হচ্ছে
Loading coil,লোডিং কয়েল
Loading error,লোডিং ত্রুটি
Loading procedure,লোডিং পদ্ধতি
Loading routine,রুটিন লোড হচ্ছে
Load leveling,লোড লেভেলিং
Load map,লোড মানচিত্র
Load mode,লোড মোড
Load module,লোড মডিউল
"Load module
 Library","লোড মডিউল
 গ্রন্থাগার"
Load-on-call,লোড-অন-কল
Load point,লোড পয়েন্ট
"Load program
 (=Loader)","লোড প্রোগ্রাম
 (= লোডার)"
Load sharing,লোড শেয়ারিং
Lobe,লব
Local,স্থানীয়
Local access,স্থানীয় অ্যাক্সেস
Local area network,স্থানীয় নেটওয়ার্ক
Local battery,স্থানীয় ব্যাটারি
Local central office,স্থানীয় কেন্দ্রীয় অফিস
Local channel,স্থানীয় চ্যানেল
Local code,স্থানীয় কোড
Local exchange,স্থানীয় এক্সচেঞ্জ
"Local format
 Storage","স্থানীয় ফর্ম্যাট
 স্টোরেজ"
Local forms control,স্থানীয় ফর্ম নিয়ন্ত্রণ
Local line,স্থানীয় লাইন
Local lock,স্থানীয় লক
Local loop,স্থানীয় লুপ
Locally attached,স্থানীয়ভাবে সংযুক্ত
"Locally-attached
 Station","স্থানীয়ভাবে সংযুক্ত
 স্টেশন"
Local mode,স্থানীয় মোড
Local order wire,স্থানীয় অর্ডার তার
Local oscillator,স্থানীয় দোলক
Local service area,স্থানীয় পরিষেবা অঞ্চল
Local side,স্থানীয় দিক
Local station,স্থানীয় স্টেশন
"Local switching
 Facility","স্থানীয় স্যুইচিং
 সুবিধা"
Local variable,স্থানীয় পরিবর্তনশীল
"Local variable
 Symbol","স্থানীয় পরিবর্তনশীল
 প্রতীক"
Locate,সনাক্ত করুন
Locate mode,অবস্থান মোড
Location,অবস্থান
"Location counter
 (= Location
 Register)","অবস্থান কাউন্টার
 (= অবস্থান
 নিবন্ধন)"
Location life,অবস্থান জীবন
Locator device,লোকেটার ডিভাইস
"Locator
 Qualification","লোকেটার
 যোগ্যতা"
Locator variable,লোকেটার ভেরিয়েবল
Lock,লক
Locked name,লক নাম
Locked page,লক পৃষ্ঠা
Locked record,লক রেকর্ড
Locking,লকিং
Lock out,লক আউট
Lockout module,লকআউট মডিউল
Lock-up table,লক-আপ টেবিল
Log,লগ
Logger,লগার
Logging,লগিং
Logical access level,যৌক্তিক অ্যাক্সেস স্তর
Logical ADD,যৌক্তিক অ্যাড
Logical analysis,যৌক্তিক বিশ্লেষণ
"Logical chart
 (= Flow chart)","যৌক্তিক চার্ট
 (= প্রবাহ চার্ট)"
"Logical child
 Segment","যৌক্তিক শিশু
 বিভাগ"
Logical comparison,যৌক্তিক তুলনা
Logical conjunction,যৌক্তিক সংমিশ্রণ
Logical constant,যৌক্তিক ধ্রুবক
"Logical data
 Structure","যৌক্তিক ডেটা
 কাঠামো"
Logical decision,যৌক্তিক সিদ্ধান্ত
Logical design,যৌক্তিক নকশা
"Logical device
 Address","যৌক্তিক ডিভাইস
 ঠিকানা"
Logical diagram,যৌক্তিক চিত্র
Logical difference,যৌক্তিক পার্থক্য
Logical disjunction,যৌক্তিক বিচ্ছিন্নতা
Logical element,যৌক্তিক উপাদান
Logical expression,যৌক্তিক অভিব্যক্তি
Logical file,যৌক্তিক ফাইল
"Logical flow chart
 ( Flow chart)","যৌক্তিক প্রবাহ চার্ট
 (প্রবাহ চার্ট)"
"Logical group
 Instruction","যৌক্তিক গ্রুপ
 নির্দেশ"
Logical IF,যৌক্তিক যদি
Logical instruction,যৌক্তিক নির্দেশ
Logical level,যৌক্তিক স্তর
Logical line group,লজিকাল লাইন গ্রুপ
Logical multiply,যৌক্তিক গুণ
Logical number,যৌক্তিক সংখ্যা
Logical operation,যৌক্তিক অপারেশন
Logical operator,যৌক্তিক অপারেটর
"Logical page
 Identifier","যৌক্তিক পৃষ্ঠা
 সনাক্তকারী"
"Logical page
 Number","যৌক্তিক পৃষ্ঠা
 সংখ্যা"
"Logical parent
 Segment","যৌক্তিক পিতামাতা
 বিভাগ"
Logical primary,যৌক্তিক প্রাথমিক
Logical product,যৌক্তিক পণ্য
Logical record,যৌক্তিক রেকর্ড
"Logical record
 Block","যৌক্তিক রেকর্ড
 ব্লক"
Logical relation,যৌক্তিক সম্পর্ক
Logical shift,যৌক্তিক শিফট
Logical structure,যৌক্তিক কাঠামো
Logical sum,যৌক্তিক যোগ
Logical switch,যৌক্তিক সুইচ
Logical symbol,যৌক্তিক প্রতীক
Logical term,যৌক্তিক শব্দ
Logical timer,যৌক্তিক টাইমার
Logical tracing,যৌক্তিক ট্রেসিং
Logical track,যৌক্তিক ট্র্যাক
Logical unit,যৌক্তিক ইউনিট
Logical variable,যৌক্তিক পরিবর্তনশীল
Logical volume,যৌক্তিক ভলিউম
Logical analyzer,যৌক্তিক বিশ্লেষক
Logic card,লজিক কার্ড
"Logic chart (= flow 
 Chart)","লজিক চার্ট (= প্রবাহ)
 চার্ট)"
Logic decoder,লজিক ডিকোডার
Logic design,লজিক ডিজাইন
Logic device,লজিক ডিভাইস
Logic diagram,লজিক ডায়াগ্রাম
Logic element,যুক্তি উপাদান
Logic expression,যুক্তি প্রকাশ
Logic family,যুক্তি পরিবার
"Logic flow chart
 (= Flow chart)","লজিক ফ্লো চার্ট
 (= প্রবাহ চার্ট)"
Logic function,যুক্তি ফাংশন
Logic instruction,যুক্তি নির্দেশ
Logic light,যুক্তি আলো
Logic operation,যুক্তি অপারেশন
Logic probe,যুক্তি তদন্ত
Logic product,যুক্তি পণ্য
Logic shift,লজিক শিফট
Logic short fault,যুক্তি সংক্ষিপ্ত ত্রুটি
Logic signal,যুক্তি সংকেত
Logic state,যুক্তিযুক্ত অবস্থা
Logic symbol,যুক্তি প্রতীক
Logic unit,লজিক ইউনিট
Log in (= log on),লগ ইন (= লগ অন)
Log off (= log out),লগ অফ (= লগ আউট)
Log on,লগ ইন করুন
Log out,প্রস্থান
"Log periodic
 Antenna","লগ পর্যায়ক্রমিক
 অ্যান্টেনা"
"Longitudinal
 Balance","অনুদৈর্ঘ্য
 ভারসাম্য"
Longitudinal check,অনুদৈর্ঘ্য চেক
Longitudinal circuit,অনুদৈর্ঘ্য সার্কিট
"Longitudinal 
 Induction noise","অনুদৈর্ঘ্য
 আনয়ন শব্দ"
"Longitudinal-mode
 Delay line","অনুদৈর্ঘ্য-মোড
 বিলম্ব লাইন"
"Longitudinal parity
 Check","অনুদৈর্ঘ্য সমতা
 পরীক্ষা করুন"
"Longitudinal
 Redundancy
 Check","অনুদৈর্ঘ্য
 অপ্রয়োজনীয়তা
 পরীক্ষা করুন"
"Longitudinal
 Transmission
 Check","অনুদৈর্ঘ্য
 সংক্রমণ
 পরীক্ষা করুন"
Look ahead,সামনে দেখো
Look ahead carry,সামনের দিকে তাকান
Look ahead unit,এগিয়ে ইউনিট দেখুন
Look up,খুঁজে দেখো
Look-up-table,লুকআপ টেবিল
Loop,লুপ
Loop-back test,লুপ-ব্যাক পরীক্ষা
Loop body,লুপ বডি
Loop box,লুপ বক্স
Loop check,লুপ চেক
Loop completion,লুপ সমাপ্তি
Loop computing,লুপ কম্পিউটিং
Loop control,লুপ নিয়ন্ত্রণ
"Loop control
 Statement","লুপ নিয়ন্ত্রণ
 বিবৃতি"
"Loop-control
 Variable","লুপ-নিয়ন্ত্রণ
 পরিবর্তনশীল"
Loop counter,লুপ কাউন্টার
"Loop feedback
 Signal","লুপ প্রতিক্রিয়া
 সংকেত"
Looping,লুপিং
Looping execution,লুপিং এক্সিকিউশন
Loop initialization,লুপ সূচনা
Loop input signal,লুপ ইনপুট সিগন্যাল
"Loop jack
 Switchboard","লুপ জ্যাক
 সুইচবোর্ড"
Loop modification,লুপ পরিবর্তন
Loop network,লুপ নেটওয়ার্ক
Loop resistance,লুপ প্রতিরোধের
"Loop reverse
 Battery","লুপ বিপরীত
 ব্যাটারি"
Loop self checking,লুপ স্ব চেকিং
Loop signalling,লুপ সিগন্যালিং
Loop start,লুপ শুরু
Loop termination,লুপ সমাপ্তি
Loop testing,লুপ টেস্টিং
"Loop transfer
 Function","লুপ স্থানান্তর
 ফাংশন"
Loop transmission,লুপ ট্রান্সমিশন
Loop transmission frame,লুপ ট্রান্সমিশন ফ্রেম
Loop update,লুপ আপডেট
Loosely coupled,ঢিলেঢালাভাবে মিলিত
Loss,ক্ষতি
Loss of significance,তাত্পর্য হ্রাস
Loudness loss,জোরে ক্ষতি
"Low activity data
 Processing","কম ক্রিয়াকলাপের ডেটা
 প্রক্রিয়াজাতকরণ"
Low byte,কম বাইট
Low-end MPU,লো-এন্ড এমপিইউ
Lower bound,নিম্ন সীমা
Lower curtate,নিম্ন পর্দা
Low-level language,নিম্ন-স্তরের ভাষা
"Low-noise
 Amplifier","নিচু শব্দ
 পরিবর্ধক"
Low order,কম অর্ডার
Low order digit,লো অর্ডার ডিজিট
Low-order position,নিম্ন-অর্ডার অবস্থান
Low pass filter,লো পাস ফিল্টার
"Low-performance
 Equipment","খারাপ করা
 সরঞ্জাম"
Low speed,কম গতি
Low speed storage,কম গতির স্টোরেজ
Low tape,কম টেপ
"Lukasiewicz
 Notation","লুকাসিউইকজ
 স্বরলিপি"
Lumped loading,লম্পড লোডিং
Machine address,মেশিন ঠিকানা
"Machine available
 Time","মেশিন উপলব্ধ
 সময়"
Machine check,মেশিন চেক
"Machine check
 Handler","মেশিন চেক
 হ্যান্ডলার"
"Machine check
 Indicator","মেশিন চেক
 সূচক"
"Machine check
 Interruption","মেশিন চেক
 বাধা"
Machine code,মেশিন কোড
Machine cognition,মেশিন জ্ঞান
Machine cycle,মেশিন চক্র
"Machine
 Dependent","মেশিন
 নির্ভরশীল"
"Machine
 Dependent
 Language","মেশিন
 নির্ভরশীল
 ভাষা"
"Machine 
 Dependent
 Software","মেশিন
 নির্ভরশীল
 সফটওয়্যার"
Machine equation,মেশিন সমীকরণ
"Machine
 Equivalence","মেশিন
 সমতুল্যতা"
Machine error,মেশিন ত্রুটি
Machine idle time,মেশিন নিষ্ক্রিয় সময়
"Machine
 Independent","মেশিন
 স্বতন্ত্র"
"Machine
 Independent
 Language","মেশিন
 স্বতন্ত্র
 ভাষা"
"Machine
 Independent
 Software","মেশিন
 স্বতন্ত্র
 সফটওয়্যার"
"Machine
 Independent
 Solution","মেশিন
 স্বতন্ত্র
 সমাধান"
"Machine
 Instruction","মেশিন
 নির্দেশ"
"Machine 
 Instruction code","মেশিন
 নির্দেশ কোড"
"Machine
 Instruction
 Statement","মেশিন
 নির্দেশ
 বিবৃতি"
"Machine
 Intelligence","মেশিন
 বুদ্ধি"
Machine intemate,মেশিন ইন্টমেট
"Machine language
 Code","মেশিন ভাষা
 কোড"
Machine learning,মেশিন লার্নিং
Machine logic,মেশিন লজিক
Machine operation,মেশিন অপারেশন
"Machine oriented
 Language","মেশিন ওরিয়েন্টেড
 ভাষা"
Machine readable,মেশিন পঠনযোগ্য
"Machine readable
 Medium","মেশিন পঠনযোগ্য
 মধ্যম"
Machine run,মেশিন রান
"Machine sensible
 Information","মেশিন বুদ্ধিমান
 তথ্য"
"Machine
 Simulation","মেশিন
 সিমুলেশন"
"Machine spoiled
 Time","মেশিন নষ্ট
 সময়"
"Machine tool
 Control","মেশিন সরঞ্জাম
 নিয়ন্ত্রণ"
"Machine
 Translation","মেশিন
 অনুবাদ"
"Machine usage
 Time","মেশিন ব্যবহার
 সময়"
Macroargument,ম্যাক্রোআরগমেন্ট
Macroassembler,ম্যাক্রোসেম্বলার
"Macroassembly
 Program","ম্যাক্রোঅ্যাসেম্বলি
 কার্যক্রম"
Macrocall,ম্যাক্রোকল
Macrocode,ম্যাক্রোকোড
Macrocoding,ম্যাক্রোকডিং
Macrocommand,ম্যাক্রোকোম্যান্ড
Macrodeclaration,ম্যাক্রোডক্লেশন
Macrodefinition,ম্যাক্রোডফিনিশন
"Macrodefinition
 Library","ম্যাক্রোডফিনিশন
 গ্রন্থাগার"
Macroelement,ম্যাক্রোলমেন্ট
Macroexerciser,ম্যাক্রোএক্সেরেসার
Macroexpansion,ম্যাক্রোএক্সপ্যানশন
Macroflowchart,ম্যাক্রোফ্লোচার্ট
"Macrogenerating
 Program","ম্যাক্রোজেনারেটিং
 কার্যক্রম"
Macrogeneration,ম্যাক্রোজেনারেশন
Macrogenerator,ম্যাক্রোজেনেটর
Macroinstruction,ম্যাক্রোইনস্ট্রাকশন
"Macrolanguage
 (MACROL)","ম্যাক্রোল্যাঙ্গুয়েজ
 (ম্যাক্রোল)"
Macrolibrary,ম্যাক্রোলিব্রি
"Macro (= macro
 Instruction)","ম্যাক্রো (= ম্যাক্রো)
 নির্দেশ)"
Macroparameter,ম্যাক্রোপ্যারামিটার
"Macroprocessing
 Instruction","ম্যাক্রোপ্রসেসিং
 নির্দেশ"
Macroprogramming,ম্যাক্রোপ্রোগ্রামিং
Macroprototype,ম্যাক্রোপ্রোটোটাইপ
"Macroprototype
 Statement","ম্যাক্রোপ্রোটোটাইপ
 বিবৃতি"
"Macrostatement
 Number","ম্যাক্রোস্টেটমেন্ট
 সংখ্যা"
Macrosystem,ম্যাক্রোসিস্টেম
Macrotrace,ম্যাক্রোট্রেস
MACSYMA,ম্যাকসিমা
MADCAP,ম্যাডক্যাপ
MAG,ম্যাগ
"Magnetic bubble
 Memory","চৌম্বকীয় বুদ্বুদ
 স্মৃতি"
Magnetic card,চৌম্বকীয় কার্ড
"Magnetic card
 Reader","চৌম্বকীয় কার্ড
 পাঠক"
"Magnetic card
 Storage","চৌম্বকীয় কার্ড
 স্টোরেজ"
Magnetic cell,চৌম্বকীয় সেল
"Magnetic
 Character","চৌম্বকীয়
 চরিত্র"
Magnetic core,চৌম্বকীয় কোর
"Magnetic core
 Storage","চৌম্বকীয় কোর
 স্টোরেজ"
"Magnetic delay
 Time","চৌম্বকীয় বিলম্ব
 সময়"
Magnetic disk,চৌম্বকীয় ডিস্ক
"Magnetic disk
 Address","চৌম্বকীয় ডিস্ক
 ঠিকানা"
"Magnetic disk
 Memory","চৌম্বকীয় ডিস্ক
 স্মৃতি"
"Magnetic disk
 Storage","চৌম্বকীয় ডিস্ক
 স্টোরেজ"
"Magnetic disk
 Store","চৌম্বকীয় ডিস্ক
 স্টোর"
Magnetic disk unit,চৌম্বকীয় ডিস্ক ইউনিট
"Magnetic drum
 Storage","চৌম্বকীয় ড্রাম
 স্টোরেজ"
"Magnetic drum
 Unit","চৌম্বকীয় ড্রাম
 ইউনিট"
Magnetic encoding,চৌম্বকীয় এনকোডিং
"Magnetic hand
 Scanner","চৌম্বকীয় হাত
 স্ক্যানার"
"Magnetic
 Hysteresis loop","চৌম্বকীয়
 হিস্টেরিসিস লুপ"
Magnetic ink,চৌম্বকীয় কালি
"Magnetic ink
 Character sorter","চৌম্বকীয় কালি
 চরিত্র সোর্টার"
"Magnetic ink
 Scanner","চৌম্বকীয় কালি
 স্ক্যানার"
Magnetic memory,চৌম্বকীয় স্মৃতি
Magnetic reading,চৌম্বকীয় পড়া
"Magnetic
 Recording","চৌম্বকীয়
 রেকর্ডিং"
"Magnetic slot
 Reader","চৌম্বকীয় স্লট
 পাঠক"
Magnetic storage,চৌম্বকীয় স্টোরেজ
Magnetic strip,চৌম্বক ফালা
"Magnetic strip
 Accounting
 Machine","চৌম্বক ফালা
 অ্যাকাউন্টিং
 মেশিন"
"Magnetic strip
 Reader","চৌম্বক ফালা
 পাঠক"
Magnetic tape cartridge,চৌম্বকীয় টেপ কার্তুজ
"Magnetic tape
 Cassette","চৌম্বকীয় টেপ
 ক্যাসেট"
"Magnetic tape
 Deck (= magnetic
 Tape drive)","চৌম্বকীয় টেপ
 ডেক (= চৌম্বকীয়)
 টেপ ড্রাইভ)"
"Magnetic tape
 Drive","চৌম্বকীয় টেপ
 ড্রাইভ"
Magnetic tape file,চৌম্বকীয় টেপ ফাইল
"Magnetic tape
 Label","চৌম্বকীয় টেপ
 লেবেল"
"Magnetic tape
 Leader","চৌম্বকীয় টেপ
 নেতা"
"Magnetic tape
 Librarian","চৌম্বকীয় টেপ
 গ্রন্থাগারিক"
"Magnetic tape
 Station","চৌম্বকীয় টেপ
 স্টেশন"
Magnetic tape storage,চৌম্বকীয় টেপ স্টোরেজ
"Magnetic tape
 Subsystem","চৌম্বকীয় টেপ
 সাবসিস্টেম"
"Magnetic tape
 Terminal","চৌম্বকীয় টেপ
 টার্মিনাল"
"Magnetic tape
 Trailer","চৌম্বকীয় টেপ
 লতা"
"Magnetic tape
 Transport
 (Magnetic tape
 Drive)","চৌম্বকীয় টেপ
 পরিবহন
 (চৌম্বকীয় টেপ
 ড্রাইভ)"
Magnetic tape unit,চৌম্বকীয় টেপ ইউনিট
Magnetic thin film,চৌম্বকীয় পাতলা ফিল্ম
"Magnetic thin film
 Storage","চৌম্বকীয় পাতলা ফিল্ম
 স্টোরেজ"
Magnetic track,চৌম্বকীয় ট্র্যাক
"Magnetic wire
 Storage","চৌম্বকীয় তার
 স্টোরেজ"
"Magnetographic
 Printer","চৌম্বকীয়
 প্রিন্টার"
"Magneto-optic
 Disk storage","চৌম্বক-অপটিক
 ডিস্ক স্টোরেজ"
Magnetostriction,চৌম্বকীয়
Mag tape,ম্যাগ টেপ
Mail box,মেল বক্স
"Mail merge (= file
 Merge)","মেল মার্জ (= ফাইল
 একত্রিত করা)"
"Main battery
 Powered machine","প্রধান ব্যাটারি
 চালিত মেশিন"
Main control unit,প্রধান নিয়ন্ত্রণ ইউনিট
"Main distributing
 Frame","প্রধান বিতরণ
 ফ্রেম"
Mainframe,মেইনফ্রেম
"Mainframe
Computer","মেইনফ্রেম
কম্পিউটার"
"Mainframe system
 (= Mainframe
 Computer)","মেইনফ্রেম সিস্টেম
 (= মেইনফ্রেম
 কম্পিউটার)"
Main lobe,প্রধান লোব
Main memory,প্রধান স্মৃতি
"Main memory
 Mapping","প্রধান স্মৃতি
 ম্যাপিং"
Main operation,প্রধান অপারেশন
Main path,মূল পথ
"Main powered
 Machine","প্রধান চালিত
 মেশিন"
Main program,প্রধান প্রোগ্রাম
Main station,প্রধান স্টেশন
Main storage,প্রধান স্টোরেজ
Main storage unit,প্রধান স্টোরেজ ইউনিট
Main switch,প্রধান সুইচ
Maintenance panel,রক্ষণাবেক্ষণ প্যানেল
"Maintenance
 Program chain","রক্ষণাবেক্ষণ
 প্রোগ্রাম চেইন"
"Maintenance
 Standby time","রক্ষণাবেক্ষণ
 Standby সময়"
Maintenance time,রক্ষণাবেক্ষণের সময়
"MAINT
 (Maintenance)","মেইন
 (রক্ষণাবেক্ষণ)"
Major control field,প্রধান নিয়ন্ত্রণ ক্ষেত্র
Major cycle,প্রধান চক্র
Majority,সংখ্যাগরিষ্ঠ
Majority element,সংখ্যাগরিষ্ঠ উপাদান
"Majority gate
 (= Majority
 Element)","সংখ্যাগরিষ্ঠ গেট
 (= সংখ্যাগরিষ্ঠ
 উপাদান)"
Majority operation,সংখ্যাগরিষ্ঠ অপারেশন
Major key,প্রধান কী
Major lobe,মেজর লোব
Major state,প্রধান রাজ্য
Major structure,প্রধান কাঠামো
Major task,প্রধান কাজ
Major total,প্রধান মোট
"Make break
 Operation","বিরতি করুন
 অপারেশন"
Make busy,ব্যস্ত করুন
Makeup time,মেকআপ সময়
"Malfunction
 Routine","ত্রুটি
 রুটিন"
Management,পরিচালনা
"Management
 Information
 System","পরিচালনা
 তথ্য
 পদ্ধতি"
"Management
 Science","পরিচালনা
 বিজ্ঞান"
"Manchester
 Coding","ম্যানচেস্টার
 কোডিং"
"Mandatory
 Cryptographic
 Session","বাধ্যতামূলক
 ক্রিপ্টোগ্রাফিক
 সেশন"
Manifolding,বহুগুণ
"Manipulated
 Variable","ম্যানিপুলেটেড
 পরিবর্তনশীল"
"Manipulative
 Indexing","ম্যানিপুলেটিভ
 সূচক"
"Man-machine
 Simulation","ম্যান-মেশিন
 সিমুলেশন"
"Manual address
 Switch","ম্যানুয়াল ঠিকানা
 স্যুইচ"
Manual analysis,ম্যানুয়াল বিশ্লেষণ
Manual answering,ম্যানুয়াল উত্তর
Manual calling,ম্যানুয়াল কলিং
Manual control,মূল নিয়ন্ত্রণ
Manual entry,ম্যানুয়াল এন্ট্রি
Manual exchange,ম্যানুয়াল এক্সচেঞ্জ
Manual function,ম্যানুয়াল ফাংশন
Manual input,হস্ত পরিচালিত
Manual operation,সংক্ষিপ্ত কাজ
"Manual word
 Generator","ম্যানুয়াল শব্দ
 জেনারেটর"
"Many-for-one
 Language","এক-এক-এক
 ভাষা"
"Many to one
 Decoder","অনেক থেকে এক
 ডিকোডার"
Map method,মানচিত্র পদ্ধতি
Mapped buffer,ম্যাপড বাফার
Mapping error,ম্যাপিং ত্রুটি
Margin,মার্জিন
"Margin-adjust
 Mode","মার্জিন-অ্যাডজাস্ট
 মোড"
Marginal check,প্রান্তিক চেক
Marginal error,প্রান্তিক ত্রুটি
Marginal test,প্রান্তিক পরীক্ষা
Margin control,মার্জিন নিয়ন্ত্রণ
"Margin punched
 Card","মার্জিন খোঁচা
 কার্ড"
Mark,চিহ্ন
Mark detection,চিহ্নিত সনাক্তকরণ
Marker,চিহ্নিতকারী
Mark hold,মার্ক হোল্ড
Marking,চিহ্নিত
Marking bias,পক্ষপাত চিহ্নিত করা
"Marking-end
 Distortion","চিহ্নিত-শেষ
 বিকৃতি"
Marking wave,চিহ্নিত তরঙ্গ
Mark matching,মার্ক ম্যাচিং
Markov chain,মার্কভ চেইন
Markov source,মার্কভ উত্স
Mark reading,মার্ক রিডিং
Mark scanning,মার্ক স্ক্যানিং
Mark sense,ইন্দ্রিয় চিহ্নিত করুন
"Mark sensing
 Column","মার্ক সেন্সিং
 কলাম"
Mark sensing row,সেন্সিং সারি চিহ্নিত করুন
"Mark-space
 Character","মার্ক-স্পেস
 চরিত্র"
"Mark to space
 Multiplier","স্থান চিহ্নিত করুন
 গুণক"
"Mark to space
 Ratio","স্থান চিহ্নিত করুন
 অনুপাত"
"Mark to space
 Transition","স্থান চিহ্নিত করুন
 রূপান্তর"
Maser,মাসার
Mask,মুখোশ
Maskable interrupt,মুখোশযোগ্য বাধা
Mask bit,মুখোশ বিট
Masked rom,মুখোশযুক্ত রোম
Mask matching,মুখোশ মিল
"Mask
 Programmable
 Device","মুখোশ
 প্রোগ্রামযোগ্য
 যন্ত্র"
Mask register,মাস্ক রেজিস্টার
Massaging,ম্যাসেজিং
Mass data,ভর ডেটা
Mass memory,গণ স্মৃতি
Mass storage,ভর স্টোরেজ
"Mass storage
 Device","ভর স্টোরেজ
 যন্ত্র"
"Mass storage file
 Segment","ভর স্টোরেজ ফাইল
 বিভাগ"
"Mass storage on
 Line","গণ স্টোরেজ চালু
 লাইন"
Master,মাস্টার
Master card,মাস্টার কার্ড
Master clock,মাস্টার ক্লক
"Master clock
 Frequency","মাস্টার ক্লক
 ফ্রিকোয়েন্সি"
Master console,মাস্টার কনসোল
"Master control
 Interrupt","মাস্টার নিয়ন্ত্রণ
 বাধা"
Master data,মূল তথ্য
Master file,প্রধান নথি
"Master file
 Inventory","প্রধান নথি
 ইনভেন্টরি"
Master file update,মাস্টার ফাইল আপডেট
Master frequency generator,মাস্টার ফ্রিকোয়েন্সি জেনারেটর
Master group,মাস্টার গ্রুপ
"Master instruction
 Tape","মাস্টার নির্দেশনা
 টেপ"
Master library tape,মাস্টার লাইব্রেরি টেপ
Master mode,মাস্টার মোড
Master processor,মাস্টার প্রসেসর
Master program,মাস্টার প্রোগ্রাম
"Master programe
 File","মাস্টার অগ্রগতি
 ফাইল"
Master record,মাস্টার রেকর্ড
Master scheduler,মাস্টার সময়সূচী
"Master/slave
 Device","মনিব গোলাম
 যন্ত্র"
"Master/slave
 Flip-flop","মনিব গোলাম
 ফ্লিপ-ফ্লপ"
"Master/slave
 Multiprogramming","মনিব গোলাম
 মাল্টিপ্রোগ্রামিং"
"Master/slave
 System","মনিব গোলাম
 পদ্ধতি"
Master station,মাস্টার স্টেশন
Master tape,মাস্টার টেপ
Master terminal,মাস্টার টার্মিনাল
Match,ম্যাচ
"Mathematical
 Check","গাণিতিক
 পরীক্ষা করুন"
"Mathematical
 Function","গাণিতিক
 ফাংশন"
"Mathematical
 Induction","গাণিতিক
 আনয়ন"
Mathematical logic,গাণিতিক যুক্তি
"Mathematical
 Model","গাণিতিক
 মডেল"
"Mathematical
 Simulation","গাণিতিক
 সিমুলেশন"
Matrix,ম্যাট্রিক্স
Matrix norm,ম্যাট্রিক্স আদর্শ
Matrix printer,ম্যাট্রিক্স প্রিন্টার
Matrix storage,ম্যাট্রিক্স স্টোরেজ
Matrix table,ম্যাট্রিক্স টেবিল
"Matrix updating
 Method","ম্যাট্রিক্স আপডেট হচ্ছে
 পদ্ধতি"
Maxi computer,ম্যাক্সি কম্পিউটার
"Maximum length
 Sequence","সর্বোচ্চ দর্ঘ্য
 ক্রম"
"Maximum
 Operating
 Frequency","সর্বাধিক
 অপারেটিং
 ফ্রিকোয়েন্সি"
"Maxterm
 (= Standard sum
 Term)","সর্বোচ্চ
 (= স্ট্যান্ডার্ড যোগফল
 শব্দ)"
Mean entropy,গড় এনট্রপি
"Mean information
 Content","গড় তথ্য
 বিষয়বস্তু"
Mean repair time,গড় মেরামতের সময়
"Means/ends
 Analysis","মানে/শেষ
 বিশ্লেষণ"
"Mean time
 Between failures","গড় সময়
 ব্যর্থতার মধ্যে"
"Mean time to
 Failure","গড় সময়
 ব্যর্থতা"
"Mean time to 
 Repair","গড় সময়
 মেরামত"
Measured services,পরিমাপ পরিষেবা
"Measure of 
 Information","পরিমাপ
 তথ্য"
"Measure of
 Location","পরিমাপ
 অবস্থান"
"Measures of
 Variation","ব্যবস্থা
 বিভিন্নতা"
"Mechanical
 Calculator","যান্ত্রিক
 ক্যালকুলেটর"
"Mechanical
 Dictionary","যান্ত্রিক
 অভিধান"
"Mechanical
 Translation","যান্ত্রিক
 অনুবাদ"
"Mechanical
 Verifier","যান্ত্রিক
 যাচাইকারী"
"Media drive 
Selecter","মিডিয়া ড্রাইভ
নির্বাচক"
"Media resident
 Software","মিডিয়া বাসিন্দা
 সফটওয়্যার"
"Medium scale
 Integration","মাঝারি স্কেল
 মিশ্রণ"
Medium speed,মাঝারি গতি
"Medium term
 Storage device","মাঝারি মেয়াদী
 স্টোরেজ ডিভাইস"
Meet operator,অপারেটরের সাথে দেখা করুন
Megabyte,মেগাবাইট
Megacycle,মেগাসাইকেল
"Membrance
 Keyboard
 (=Touch key
 Board)","ঝিল্লি
 কীবোর্ড
 (= স্পর্শ কী
 বোর্ড)"
Memo posting,মেমো পোস্টিং
Memory,স্মৃতি
"Memory address
 Register","স্মৃতি ঠিকানা
 নিবন্ধন"
Memory allocation,মেমরি বরাদ্দ
Memory annex,স্মৃতি সংযুক্তি
Memory array,স্মৃতি অ্যারে
Memory bank,মেমরি ব্যাংক
"Memory buffer
 Register","মেমরি বাফার
 নিবন্ধন"
Memory bus,মেমরি বাস
Memory capacity,স্মৃতি ক্ষমতা
Memory cell,মেমরি সেল
"Memory character
 Format","স্মৃতি চরিত্র
 ফর্ম্যাট"
"Memory 
 Compaction","স্মৃতি
 সংযোগ"
Memory core,স্মৃতি কোর
Memory cycle time,মেমরি চক্র সময়
"Memory data
 Register","মেমরি ডেটা
 নিবন্ধন"
"Memory disable
 Signal","স্মৃতি অক্ষম
 সংকেত"
"Memory enable
 Signal","স্মৃতি সক্ষম
 সংকেত"
Memory exchange,মেমরি এক্সচেঞ্জ
Memory fill,স্মৃতি পূরণ
Memory guard,মেমরি গার্ড
Memory hierarchy,স্মৃতি শ্রেণিবিন্যাস
"Memory
 Management","স্মৃতি
 পরিচালনা"
Memory map,মেমরি মানচিত্র
"Memory mapped
 I/O","স্মৃতি ম্যাপ করা
 আই/ও"
"Memory mapped
 Video","স্মৃতি ম্যাপ করা
 ভিডিও"
Memory mapping,মেমরি ম্যাপিং
Memory module,মেমরি মডিউল
"Memory of
 Memory
 Instruction","স্মৃতি
 স্মৃতি
 নির্দেশ"
Memory page,মেমরি পৃষ্ঠা
Memory parity,স্মৃতি সমতা
"Memory pointer
 Register","মেমরি পয়েন্টার
 নিবন্ধন"
Memory power,স্মৃতি শক্তি
"Memory printout
 (=Memory
 Dump)","মেমরি প্রিন্টআউট
 (= স্মৃতি
 ডাম্প)"
"Memory
 Protection","স্মৃতি
 সুরক্ষা"
"Memory reference
 Instruction","মেমরি রেফারেন্স
 নির্দেশ"
Memory register,মেমরি রেজিস্টার
Memory unit,মেমরি ইউনিট
"Memory
 Workspace","স্মৃতি
 ওয়ার্কস্পেস"
Menu,তালিকা
Menu selection,মেনু নির্বাচন
Mercury delay line,বুধ বিলম্ব লাইন
"Mercury wetted
 Relay","পারদ ভেজা
 রিলে"
Marge,মার্জ
Mergeable heap,মার্জেবল হিপ
"Merged transister
 Logic","মার্জিত ট্রানসিস্টার
 যুক্তি"
"Merge exchange
 Sort","মার্জ এক্সচেঞ্জ
 সাজান"
Merge order,মার্জ অর্ডার
Merge sort,মার্জ বাছাই
Merging,মার্জিং
Mesh network,জাল নেটওয়ার্ক
"Message
 Authenticator","বার্তা
 প্রমাণীকরণকারী"
Message block,বার্তা ব্লক
Message buffering,বার্তা বাফারিং
Message circuit,বার্তা সার্কিট
"Message circuit
 Noise","বার্তা সার্কিট
 শব্দ"
"Message control
 Flag","বার্তা নিয়ন্ত্রণ
 পতাকা"
Message data set,বার্তা ডেটা সেট
"Message display
 Console","বার্তা প্রদর্শন
 কনসোল"
"Message error
 Record","বার্তা ত্রুটি
 রেকর্ড"
Message exchange,বার্তা বিনিময়
Message field,বার্তা ক্ষেত্র
Message format,বার্তা ফর্ম্যাট
Message header,বার্তা শীর্ষ
Message mode,বার্তা মোড
Message numbring,বার্তা numbring
Message polling,বার্তা পোলিং
"Message
 Processing
 Program","বার্তা
 প্রক্রিয়াজাতকরণ
 কার্যক্রম"
Message queue,বার্তা সারি
Message routing,বার্তা রাউটিং
"Message sink
 (= Message
 Receiver)","বার্তা সিঙ্ক
 (= বার্তা
 রিসিভার)"
Message source,বার্তা উত্স
Message switch,বার্তা সুইচ
Message switching,বার্তা স্যুইচিং
"Message switching
 Centre","বার্তা স্যুইচিং
 কেন্দ্র"
"Message switching
 Network","বার্তা স্যুইচিং
 অন্তর্জাল"
Message telecommunication,বার্তা টেলিযোগাযোগ
Message text,বার্তার পাঠ্য
"Message transfer
 Part","বার্তা স্থানান্তর
 অংশ"
Messaging,বার্তাপ্রেরণ
Meta assembler,মেটা এসেম্বলার
Meta compilation,মেটা সংকলন
Meta compiler,মেটা সংকলক
Meta language,মেটা ভাষা
"Metallic facility
 Terminal","ধাতব সুবিধা
 টার্মিনাল"
Metasystem,মেটাসিস্টেম
"Microcircuit
 Isolation","মাইক্রোকর্কিট
 আলাদা করা"
Microcobol,মাইক্রোকোবল
Micro code,মাইক্রো কোড
Microcomputer,মাইক্রোকম্পিউটার
"Microcomputer
 Component","মাইক্রোকম্পিউটার
 উপাদান"
"Microcomputer
 Development
 System","মাইক্রোকম্পিউটার
 উন্নয়ন
 পদ্ধতি"
"Microcomputer
 Word processing","মাইক্রোকম্পিউটার
 শব্দ প্রক্রিয়াকরণ"
Micro controller,মাইক্রো কন্ট্রোলার
Microcycle,মাইক্রোকাইকেল
Micro electronics,মাইক্রো ইলেকট্রনিক্স
Microfiche,মাইক্রোফিচ
Microfilm,মাইক্রোফিল্ম
Microfloppy,মাইক্রোফ্লপি
Microflowchart,মাইক্রোফ্লোচার্ট
Microform reader,মাইক্রোফর্ম রিডার
"Microform reader
 Copier","মাইক্রোফর্ম রিডার
 কপিয়ার"
"Microform reader
 Printer","মাইক্রোফর্ম রিডার
 প্রিন্টার"
Micrographics,মাইক্রোগ্রাফিক্স
Microimage,মাইক্রোইমেজ
Micro instruction,মাইক্রো নির্দেশনা
"Microinstruction
 Sequence","মাইক্রোইনস্ট্রাকশন
 ক্রম"
Micromainframe,মাইক্রোমেনফ্রেম
Microminiaturization,মাইক্রোমিনিয়েচারাইজেশন
Microorder,মাইক্রোঅর্ডার
Microphotograph,মাইক্রোফোটোগ্রাফ
Microphotography,মাইক্রোফোটোগ্রাফি
"Microprocessing
 Unit","মাইক্রোপ্রসেসিং
 ইউনিট"
Microprocessor,মাইক্রোপ্রসেসর
"Microprocessor
 Analyzer","মাইক্রোপ্রসেসর
 বিশ্লেষক"
"Microprocessor
 Architecture","মাইক্রোপ্রসেসর
 আর্কিটেকচার"
"Microprocessor bit
 Slice","মাইক্রোপ্রসেসর বিট
 স্লাইস"
"Microprocessor
 Chip","মাইক্রোপ্রসেসর
 চিপ"
"Microprocessor
 Compiler","মাইক্রোপ্রসেসর
 সংকলক"
"Microprocessor
 Memory interface","মাইক্রোপ্রসেসর
 মেমরি ইন্টারফেস"
Microprogram,মাইক্রোপ্রোগ্রাম
"Microprogram
 Control logic","মাইক্রোপ্রোগ্রাম
 নিয়ন্ত্রণ যুক্তি"
"Microprogram
 Control store","মাইক্রোপ্রোগ্রাম
 নিয়ন্ত্রণ স্টোর"
"Microprogram
 Field","মাইক্রোপ্রোগ্রাম
 ক্ষেত্র"
"Microprogram
 Instruction set","মাইক্রোপ্রোগ্রাম
 নির্দেশনাবলী"
"Microprogrammed
 Microprocessor","মাইক্রোপ্রোগ্র্যামড
 মাইক্রোপ্রসেসর"
"Microprogram
 Microassembler","মাইক্রোপ্রোগ্রাম
 মাইক্রোসেমব্লার"
"Microprogram
 Microcode","মাইক্রোপ্রোগ্রাম
 মাইক্রোকোড"
"Microprogram
 Sequencer","মাইক্রোপ্রোগ্রাম
 সিকোয়েন্সার"
"Microprogram
 Store","মাইক্রোপ্রোগ্রাম
 স্টোর"
Microsequence,মাইক্রোসেকোয়েন্স
Microwave link,মাইক্রোওয়েভ লিঙ্ক
Middle punch,মধ্য পাঞ্চ
Middleware,মিডলওয়্যার
Midicomputer,মিডিকম্পিউটার
Migration,স্থানান্তর
Migration path,মাইগ্রেশন পাথ
"Miniassembler
 Program","মিনিয়াসেম্বলার
 কার্যক্রম"
Minicomputer,মিনিকম্পিউটার
"Minicomputer
 Assembler","মিনিকম্পিউটার
 এসেম্বলার"
Minidiskette,মিনিডিসকেট
Minifloppy disk,মিনিফ্লপি ডিস্ক
Minimal machine,ন্যূনতম মেশিন
Minimal product,ন্যূনতম পণ্য
Minimal sum,ন্যূনতম যোগ
Minimal tree,ন্যূনতম গাছ
"Minimax
 Procedure","মিনিম্যাক্স
 পদ্ধতি"
"Minimum access
 Coding","ন্যূনতম অ্যাক্সেস
 কোডিং"
"Minimum cost
Minimum cost
 Spanning tree","সর্বনিম্ন ব্যয়
সর্বনিম্ন ব্যয়
 বিস্তৃত গাছ"
"Minimum delay
 Programming","ন্যূনতম বিলম্ব
 প্রোগ্রামিং"
"Minimum distance
 Code","সর্বনিম্ন দূরত্ব
 কোড"
"Minimum latency
 Coding","ন্যূনতম বিলম্ব
 কোডিং"
Minor control field,মাইনর কন্ট্রোল ফিল্ড
Minor cycle,গৌণ চক্র
Minority carrier,সংখ্যালঘু ক্যারিয়ার
Minormost key,মিনরমোস্ট কী
Minor structure,গৌণ কাঠামো
Minor total,মাইনর মোট
Minterm,মিনিটারম
Minus flag,বিয়োগ পতাকা
Minus zone,বিয়োগ অঞ্চল
Mips,এমআইপিএস
"Miscellaneous
 Time","বিবিধ
 সময়"
Misfeed,মিসফিড
"MIS (management
 Information
 System)","এমআইএস (পরিচালনা
 তথ্য
 পদ্ধতি)"
Misregistration,ভুল নিবন্ধন
Missing error,অনুপস্থিত ত্রুটি
Mistake,ভুল
"Mixed base
 Notation","মিশ্র বেস
 স্বরলিপি"
"Mixed base
 Number system","মিশ্র বেস
 সংখ্যা সিস্টেম"
"Mixed base
 Numeration
 System","মিশ্র বেস
 সংখ্যা
 পদ্ধতি"
"Mixed mode
 Expression","মিশ্র মোড
 অভিব্যক্তি"
"Mixed-radix
 Notation","মিশ্র-রেডিক্স
 স্বরলিপি"
"Mixed-radix
 numeration
 system","মিশ্র-রেডিক্স
 সংখ্যা
 পদ্ধতি"
"Mixed radix
 System","মিশ্র রেডিক্স
 পদ্ধতি"
"Mixed type
 Expression","মিশ্র টাইপ
 অভিব্যক্তি"
Mnemonic,স্মৃতিচারণ
Mnemonic address,স্মৃতিচিহ্ন ঠিকানা
Mnemonic name,স্মৃতিচারণ নাম
"Mnemonic
 Operation code","স্মৃতিচারণ
 অপারেশন কোড"
Mnemonic symbol,স্মৃতিচিহ্ন প্রতীক
Model statement,মডেল বিবৃতি
"Modem encryption
 Device","মডেম এনক্রিপশন
 যন্ত্র"
Modification level,পরিবর্তন স্তর
Modifier,সংশোধক
Modifier bit,সংশোধক বিট
Modifier register,সংশোধক রেজিস্টার
Modify instruction,নির্দেশ পরিবর্তন করুন
Modify ticket,টিকিট পরিবর্তন করুন
Modula,মডুলা
"Modular
 Arithmetic","মডুলার
 পাটিগণিত"
Modular counter,মডুলার কাউন্টার
Modularity,মডুলারিটি
"Modular
 Programming","মডুলার
 প্রোগ্রামিং"
"Modulater
 Demodulater","মডিউলার
 ডিমোডুলেটার"
Modulation rate,মড্যুলেশন হার
"Module
 Specification","মডিউল
 স্পেসিফিকেশন"
Monadic,মোনাডিক
"Monadic boolean
 Operator","মোনাডিক বুলিয়ান
 অপারেটর"
Monadic operation,মোনাডিক অপারেশন
Monadic operator,মোনাডিক অপারেটর
"Monitoring of
 Programs","নিরীক্ষণ
 প্রোগ্রাম"
"Monitoring
 Program","পর্যবেক্ষণ
 কার্যক্রম"
Monitor printer,প্রিন্টার মনিটর
Monitor program,মনিটর প্রোগ্রাম
Monitor unit,মনিটর ইউনিট
Monnitor console,মনিটর কনসোল
"Monolithic
 Integrated circuit","একচেটিয়া
 সমন্বিত বর্তনী"
Monolithic storage,মনোলিথিক স্টোরেজ
"Monolithic
 Technology","একচেটিয়া
 প্রযুক্তি"
Monostable,মনোস্টেবল
"Monostable
 Multivibrater","মনোস্টেবল
 মাল্টিভাইব্রেটার"
"Monostable trigger
 Circuit","মনোস্টেবল ট্রিগার
 সার্কিট"
Morpheme,মরফিম
Morphism,মরফিজম
Most significant bit,সবচেয়ে উল্লেখযোগ্য বিট
"Most significant
 Character","সবচেয়ে গুরুত্বপূর্ণ
 চরিত্র"
Mother board,মা বোর্ড
Mother register,মা রেজিস্টার
Mount,মাউন্ট
Mount attribute,মাউন্ট অ্যাট্রিবিউট
Move,সরানো
Movement file,আন্দোলন ফাইল
"Moving average
 Method","চলন্ত গড়
 পদ্ধতি"
Multiaccess system,মাল্টিয়াক্স সিস্টেম
"Multiaddress
 Calling","মাল্টিড্রেস
 কলিং"
"Multiaddress
 Calling facility","মাল্টিড্রেস
 কলিং সুবিধা"
"Multiaddress
 Instruction","মাল্টিড্রেস
 নির্দেশ"
Multiaspect,মাল্টিয়াস্পেক্ট
Multibus,মাল্টিবাস
Multichip,মাল্টিচিপ
"Multidimensional
 Array","বহুমাত্রিক
 অ্যারে"
"Multidimensional
 Language","বহুমাত্রিক
 ভাষা"
"Multidomain
 Network","মাল্টিডোমেন
 অন্তর্জাল"
Multidrop line,মাল্টিড্রপ লাইন
"Multielement
 Dipole antenna","মাল্টিলমেন্ট
 ডিপোল অ্যান্টেনা"
"Multifrequency
 Pulsing","মাল্টিফ্রিকোয়েন্সি
 পালসিং"
"Multifrequency
 Pushbutton set","মাল্টিফ্রিকোয়েন্সি
 পুশবটন সেট"
"Multifrequency
 Receiver","মাল্টিফ্রিকোয়েন্সি
 রিসিভার"
"Multifrequency
 Signal","মাল্টিফ্রিকোয়েন্সি
 সংকেত"
"Multifrequency
 Terminal","মাল্টিফ্রিকোয়েন্সি
 টার্মিনাল"
"Multifunction
 System","মাল্টিফংশন
 পদ্ধতি"
Multijob operation,মাল্টিজব অপারেশন
Multilayer device,মাল্টিলেয়ার ডিভাইস
Multilevel address,মাল্টিলেভেল ঠিকানা
Multilevel memory,মাল্টিলেভেল মেমরি
Multilevel security,মাল্টিলেভেল সুরক্ষা
"Multilevel
 Subroutine","মাল্টিলেভেল
 Subroutine"
Multilinked,মাল্টিলিংকড
Multimedia mail,মাল্টিমিডিয়া মেল
"Multimode
 Counter","মাল্টিমোড
 কাউন্টার"
Multipass sort,মাল্টিপাস বাছাই
Multiple access,একাধিক অ্যাক্সেস
"Multiple address
 Instruction","একাধিক ঠিকানা
 নির্দেশ"
"Multiple
 Assignment","একাধিক
 অ্যাসাইনমেন্ট"
Multiple chain,একাধিক চেইন
Multiple connector,একাধিক সংযোগকারী
"Multiple
 Declaration","একাধিক
 ঘোষণা"
"Multiple domain
 Network","একাধিক ডোমেন
 অন্তর্জাল"
"Multiple job
 Processing","একাধিক কাজ
 প্রক্রিয়াজাতকরণ"
"Multiple length
 Working","একাধিক দৈর্ঘ্য
 কাজ"
Multiple operation,একাধিক অপারেশন
Multiple point line,একাধিক পয়েন্ট লাইন
Multiple precision,একাধিক নির্ভুলতা
"Multiple
 Programming","একাধিক
 প্রোগ্রামিং"
Multiple punching,একাধিক পাঞ্চিং
"Multiple
 Regression model","একাধিক
 রিগ্রেশন মডেল"
Multiple routing,একাধিক রাউটিং
"Multiple task
 Management","একাধিক কাজ
 পরিচালনা"
Multiple utility,একাধিক ইউটিলিটি
"Multiple valued
 Logic","একাধিক মূল্যবান
 যুক্তি"
"Multiplex data
 Terminal","মাল্টিপ্লেক্স ডেটা
 টার্মিনাল"
Multiplexed bus,মাল্টিপ্লেক্সড বাস
"Multiplexed
 Operation","মাল্টিপ্লেক্সড
 অপারেশন"
Multiplexer,মাল্টিপ্লেক্সার
"Multiplexer
 Simulation","মাল্টিপ্লেক্সার
 সিমুলেশন"
Multiplexing,মাল্টিপ্লেক্সিং
Multiplex link,মাল্টিপ্লেক্স লিঙ্ক
Multiplex mode,মাল্টিপ্লেক্স মোড
"Multiplex
 Operation","মাল্টিপ্লেক্স
 অপারেশন"
Multiplier factor,গুণক ফ্যাক্টর
"Multiplier quotient
 Register","গুণক ভাগ
 নিবন্ধন"
"Multiplying punch
 (= Calculating
 Punch)","গুণমান পাঞ্চ
 (= গণনা
 পাঞ্চ)"
Multipoint circuit,মাল্টিপয়েন্ট সার্কিট
Multipoint link,মাল্টিপয়েন্ট লিঙ্ক
"Multipoint
 Network","মাল্টিপয়েন্ট
 অন্তর্জাল"
Multipriority,বহুগুণ
Multiprocessing,মাল্টিপ্রসেসিং
"Multiprocessing
 System","মাল্টিপ্রসেসিং
 পদ্ধতি"
Multiprocessor,মাল্টিপ্রসেসর
"Multiprocessor
Interleaving","মাল্টিপ্রসেসর
ইন্টারলিভিং"
Multiprogramming,মাল্টিপ্রোগ্রামিং
"Multiprogramming
 Memory protect","মাল্টিপ্রোগ্রামিং
 স্মৃতি সুরক্ষা"
"Multiprogramming
 System","মাল্টিপ্রোগ্রামিং
 পদ্ধতি"
Multireel sorting,মাল্টিরিল বাছাই
Multiring file,মাল্টিয়ারিং ফাইল
"Multischedule
 Private line","মাল্টিচেডুল
 ব্যক্তিগত লাইন"
Multistation,মাল্টিস্টেশন
"Multitask
 Operation","মাল্টিটাস্ক
 অপারেশন"
Multithreading,মাল্টিথ্রেডিং
"Multiunit
 Processor","মাল্টিউনিট
 প্রসেসর"
Multiuser system,মাল্টিউসার সিস্টেম
Multivalued logic,মাল্টিভ্যালড লজিক
Multivibrater,মাল্টিভাইব্রেটার
"Multiway search
 Tree","মাল্টিওয়ে অনুসন্ধান
 গাছ"
Mutual exclusion,পারস্পরিক বর্জন
"Mutual
 Information","মিউচুয়াল
 তথ্য"
"Mutual pair
 Capacitance","মিউচুয়াল জুটি
 ক্যাপাসিট্যান্স"
NAND,নান্দ
NAND element,নান্দ উপাদান
NAND function,ন্যান্ড ফাংশন
NAND operation,ন্যান্ড অপারেশন
Nano processor,ন্যানো প্রসেসর
"Nanoprogram
 Store","ন্যানোপ্রোগ্রাম
 স্টোর"
Narrow band,সংকীর্ণ ব্যান্ড
National character,জাতীয় চরিত্র
"National
 Requirement","জাতীয়
 প্রয়োজনীয়তা"
Native attachment,নেটিভ সংযুক্তি
Native code,নেটিভ কোড
Native compiler,নেটিভ সংকলক
Natural binary,প্রাকৃতিক বাইনারি
"Natural function
 Generator","প্রাকৃতিক ফাংশন
 জেনারেটর"
Natural language,স্বভাবিক ভাষা
"Natural language
 System","স্বভাবিক ভাষা
 পদ্ধতি"
Needle,সুই
Negate,অবহেলা
Negative entry,নেতিবাচক এন্ট্রি
Negative feedback,নেতিবাচক প্রতিক্রিয়া
Negative logic,নেতিবাচক যুক্তি
Negative true logic,নেতিবাচক সত্য যুক্তি
Negentropy,নেগেন্ট্রপি
"NEITHER-NOR
 Operation (NOR--
 Operation)","মোটেও না
 অপারেশন (NOR-
 অপারেশন)"
Neper,নেপার
"Nested command
 List","নেস্টেড কমান্ড
 তালিকা"
Nested macros,নেস্টেড ম্যাক্রো
Nesting level,বাসা স্তর
Nesting store,নেস্টিং স্টোর
Net structure,নেট কাঠামো
"Network access
 Control","নেটওয়ার্কের প্রবেশাধিকার
 নিয়ন্ত্রণ"
"Network access
 Machine","নেটওয়ার্কের প্রবেশাধিকার
 মেশিন"
"Network access
 Pricing","নেটওয়ার্কের প্রবেশাধিকার
 মূল্য নির্ধারণ"
Network analog,নেটওয়ার্ক অ্যানালগ
Network analyzer,নেটওয়ার্ক বিশ্লেষক
"Network
 Application","অন্তর্জাল
 আবেদন"
"Network
 Architecture","অন্তর্জাল
 আর্কিটেকচার"
"Network
 Awareness","অন্তর্জাল
 সচেতনতা"
"Network
 Component","অন্তর্জাল
 উপাদান"
"Network
 Congestion","অন্তর্জাল
 যানজট"
Network constant,নেটওয়ার্ক ধ্রুবক
"Network control
 Mode","নেটওয়ার্ক নিয়ন্ত্রণ
 মোড"
"Network control
 Phase","নেটওয়ার্ক নিয়ন্ত্রণ
 পর্যায়"
"Network control
 Program
 Generation","নেটওয়ার্ক নিয়ন্ত্রণ
 কার্যক্রম
 প্রজন্ম"
"Network control
 Signalling unit","নেটওয়ার্ক নিয়ন্ত্রণ
 সংকেত ইউনিট"
"Network database
 System","নেটওয়ার্ক ডাটাবেস
 পদ্ধতি"
Network front end,নেটওয়ার্ক ফ্রন্ট এন্ড
"Network
 Integration","অন্তর্জাল
 মিশ্রণ"
Network integrity,নেটওয়ার্ক অখণ্ডতা
"Network
 Interconnection","অন্তর্জাল
 আন্তঃসংযোগ"
"Network interface
 Machine","নেটওয়ার্ক ইন্টারফেস
 মেশিন"
Network layer,নেটওয়ার্ক স্তর
"Network load
 Analysis","নেটওয়ার্ক লোড
 বিশ্লেষণ"
Network node,নেটওয়ার্ক নোড
Network operator,নেটওয়ার্ক অপারেটর
Network path,নেটওয়ার্ক পাথ
Network port,নেটওয়ার্ক পোর্ট
Network theory,নেটওয়ার্ক তত্ত্ব
Network timing,নেটওয়ার্ক সময়
Network toplogy,নেটওয়ার্ক টপলজি
"Network virtual
 Terminal","নেটওয়ার্ক ভার্চুয়াল
 টার্মিনাল"
Neutral ground,নিরপেক্ষ স্থল
Neutral relay,নিরপেক্ষ রিলে
"Neutral
 Transmission","নিরপেক্ষ
 সংক্রমণ"
New input queue,নতুন ইনপুট সারি
New line character,নতুন লাইন চরিত্র
New pack,নতুন প্যাক
New synch,নতুন সিঙ্ক
Nexus,নেক্সাস
Nibble,নিবল
Nickel delay line,নিকেল বিলম্ব লাইন
Nil pointer,নীল পয়েন্টার
Nine's complement,নাইন এর পরিপূরক
"Ninety column
 Card","নব্বই কলাম
 কার্ড"
NIP,নিপ
"No-consoles
 Condition","কোন-কনসোলস
 শর্ত"
"Noise
 Characteristic","শব্দ
 বৈশিষ্ট্য"
Noise factor,শব্দ ফ্যাক্টর
Noise killer,শব্দ কিলার
Noise lavel,গোলমাল ল্যাভেল
Noiseless coding,শোনা যায় না কোডিং
Noise margin,শব্দ মার্জিন
Noise sequence,শব্দ ক্রম
Noise source,শব্দ উত্স
Noise temperature,শব্দের তাপমাত্রা
Noisy mode,গোলমাল মোড
"Non-arithmetic
 Shift (= logical
 Shift)","অ-জলবায়ু
 শিফট (= যৌক্তিক
 শিফট)"
Non binary logic,বাইনারি লজিক
"Non-coded
 Graphics","নন-কোডেড
 গ্রাফিক্স"
"Non-coherent
 Bundle","অ-সহকারী
 পাঁজা"
"Non-coherent
 Modulation
 System","অ-সহকারী
 মড্যুলেশন
 পদ্ধতি"
Non-compact,নন-কমপ্যাক্ট
Non-conjunction,অ-বিবাদ
"Non- connected
 Storage","অ-সংযুক্ত
 স্টোরেজ"
"Non contiguous
 Item","অবিচ্ছিন্ন
 আইটেম"
"Non data set
 Clocking","নন ডেটা সেট
 ক্লকিং"
"Non-destructive
 Cursor","অ-ধ্বংসাত্মক
 কার্সার"
"Non-destructive
 Read","অ-ধ্বংসাত্মক
 পড়ুন"
"Non-destructive
 Read operation","অ-ধ্বংসাত্মক
 অপারেশন পড়ুন"
"Non destructive
 Read-out","অ -ধ্বংসাত্মক
 উচ্চারণ করা"
Non-determinism,অ-নির্ধারণবাদ
"Non-deterministic
 Automata","অ-নির্ধারিত
 অটোমেটা"
Non dial trunk,নন ডায়াল ট্রাঙ্ক
Non-disjunction,অ-বিচ্ছিন্নতা
Non equivalence,সমতুল্যতা
"Non equivalence
 Gate","সমতুল্যতা
 গেট"
"Non equivalence
 Operation","সমতুল্যতা
 অপারেশন"
"Non-equivalency
 Element","অ-সমতা
 উপাদান"
"Non-erasable
 Medium","অ-ইরেজেবল
 মধ্যম"
"Non-erasable
 Programmable
 Device","অ-ইরেজেবল
 প্রোগ্রামযোগ্য
 যন্ত্র"
"Non-erasable
 Storage","অ-ইরেজেবল
 স্টোরেজ"
Non-escaping key,নন-এসেপিং কী
"Non-executable
 Statement","অ-নির্বাহী
 বিবৃতি"
Non-hierarchical cluster analysis,নন-হায়ারার্কিকাল ক্লাস্টার বিশ্লেষণ
Non-impact printer,অ-ইমপ্যাক্ট প্রিন্টার
Non-interactive,অ-ইন্টারেক্টিভ
"Non-linear
 Distortion","অ-রৈখিক
 বিকৃতি"
"Non-linear
 Optimization","অ-রৈখিক
 অপ্টিমাইজেশন"
"Non-linear
 Programming","অ-রৈখিক
 প্রোগ্রামিং"
"Non-linear
 Regression model","অ-রৈখিক
 রিগ্রেশন মডেল"
"Non-loadable
 Character set","অ-লোডেবল
 অক্ষর সেট"
Non-loaded line,অ-লোড লাইন
Non-locking,অ-লকিং
"Non-mapping
 Mode","নন-ম্যাপিং
 মোড"
"Non-memory
 Reference
 Instruction","অ-মেমরি
 রেফারেন্স
 নির্দেশ"
"Non-negative
 Number","অ-নেতিবাচক
 সংখ্যা"
"Non-operation
 Instruction","অ-অপারেশন
 নির্দেশ"
"Non-preemptive
 Allocation","অ-পূর্বনির্ধারিত
 বরাদ্দ"
"Non-procedural
 Language","অ-প্রক্রিয়াজাতীয়
 ভাষা"
"Non-procedure
 Oriented
 Language","অ-প্রক্রিয়াজাতকরণ
 ভিত্তিক
 ভাষা"
"Non-productive
 Poll","অ-উত্পাদনশীল
 পোল"
"Non-productive
 Task","অ-উত্পাদনশীল
 কাজ"
"Non-programmed
 Halt","নন-প্রোগ্রামড
 থামো"
"Non-real-time
 Processing","নন-রিয়েল-টাইম
 প্রক্রিয়াজাতকরণ"
"Non-recoverable
 Error","অ-পুনরুদ্ধারযোগ্য
 ত্রুটি"
Non-reflective ink,অ-প্রতিবিম্বিত কালি
"Non-resident
 Position","অনাবাসিক
 অবস্থান"
Non-reusable,অ-পুনরায় ব্যবহারযোগ্য
Non-simultaneous transmission,অবিচ্ছিন্ন সংক্রমণ
Non-storage device,নন-স্টোরেজ ডিভাইস
Non-switched line,নন-স্যুইচড লাইন
"Non-switching
 Connection","অ-স্যুইচিং
 সংযোগ"
Non-terminal node,নন-টার্মিনাল নোড
"Non-transparent
 Mode","স্বচ্ছ
 মোড"
"Non-volatile
 Memory","অ-উদ্বায়ী
 স্মৃতি"
Non-volatile RAM,অ-উদ্বায়ী র‌্যাম
Non-volatile storage,অ-উদ্বায়ী স্টোরেজ
Non-weighted code,অ-ওজনযুক্ত কোড
No-op,না-ওপ
No-operation,কোন অপারেশন
NOP instruction,এনওপি নির্দেশনা
NOR,না
NOR element,না উপাদান
NOR function,না ফাংশন
NOR gate,না গেট
Normal contact,সাধারণ যোগাযোগ
"Normal direction
 Flow","সাধারণ দিক
 প্রবাহ"
Normalize,স্বাভাবিক করুন
"Normalized device
 Coordinate","সাধারণ ডিভাইস
 সমন্বয়"
Normalized form,স্বাভাবিক ফর্ম
Normalizer,নরমালাইজার
"Normally closed
 Contact","সাধারণত বন্ধ
 যোগাযোগ"
"Normally open 
 Contact","সাধারণত খোলা
 যোগাযোগ"
Normal response,সাধারণ প্রতিক্রিয়া
Normative testing,আদর্শ পরীক্ষা
NOT,না
NOT-AND,না
"NOT-AND
 Operation","না
 অপারেশন"
"NOT-BOTH
 Operation (= non
 Conjunction)","না
 অপারেশন (= নন
 সংযোগ)"
NOT circuit,সার্কিট নয়
NOT element,উপাদান নয়
"NOT equivalence
 Gate","সমতা নয়
 গেট"
NOT gate,গেট নয়
"NOT-IF THEN
 Element","না-যদি
 উপাদান"
"NOT-IF THEN
 (= Exclusion)","না-যদি
 (= বর্জন)"
"NOT-IF THEN
 Gate","না-যদি
 গেট"
"NOT-IF THEN
 Operation","না-যদি
 অপারেশন"
NOT operation,অপারেশন নয়
NOT-OR,না-বা
"NOT-OR
 Operation","না-বা
 অপারেশন"
"Nought
 Complement
 (= Radix
 Complement)","কিছুই না
 পরিপূরক
 (= রেডিক্স
 পরিপূরক)"
Nought state,কোন রাষ্ট্র
"Nucleus
 Initialisation
 Program","নিউক্লিয়াস
 প্রারম্ভিককরণ
 কার্যক্রম"
Null character,নাল চরিত্র
"Null character
 String","নাল চরিত্র
 স্ট্রিং"
Null cycle,নাল চক্র
Null detector,নাল ডিটেক্টর
Null line,নাল লাইন
"Null list (= empty
 List)","নাল তালিকা (= খালি
 তালিকা)"
Null locator value,নাল লোকেটার মান
Null record,নাল রেকর্ড
"Null string
(= Empty string)","নাল স্ট্রিং
(= খালি স্ট্রিং)"
Nul suppression,নুল দমন
Number control,সংখ্যা নিয়ন্ত্রণ
Number cruncher,সংখ্যা ক্রঙ্কার
Number generator,সংখ্যা জেনারেটর
Number group,নম্বর গ্রুপ
Numbering plan,সংখ্যা পরিকল্পনা
"Numbering plan
 Area","সংখ্যা পরিকল্পনা
 অঞ্চল"
Number range,সংখ্যা পরিসীমা
"Number
 Representation","সংখ্যা
 প্রতিনিধিত্ব"
"Number
 Representation
 System","সংখ্যা
 প্রতিনিধিত্ব
 পদ্ধতি"
Number sequence,সংখ্যা ক্রম
Number service,সংখ্যা পরিষেবা
"Number service
 Operator","সংখ্যা পরিষেবা
 অপারেটর"
Numeration system,সংখ্যা সিস্টেম
Numerical analysis,সাংখ্যিক বিশ্লেষণ
Numerical code,সংখ্যার কোড
Numerical control,সংখ্যা নিয়ন্ত্রণ
Numerical data,গানিতিক তথ্য
"Numerical linear
 Algebra","সংখ্যার লিনিয়ার
 বীজগণিত"
Numerical stability,সংখ্যার স্থায়িত্ব
Numerical tape,সংখ্যার টেপ
"Numeric atomic
 Symbol","সংখ্যার পারমাণবিক
 প্রতীক"
"Numeric
 Back-space
 Character","সংখ্যা
 ব্যাক-স্পেস
 চরিত্র"
Numeric bit data,সংখ্যার বিট ডেটা
Numeric character,সংখ্যার চরিত্র
"Numeric character
 Data","সংখ্যার চরিত্র
 ডেটা"
"Numeric character
 Set","সংখ্যার চরিত্র
 সেট"
"Numeric character
 Subset","সংখ্যার চরিত্র
 সাবসেট"
Numeric code,সংখ্যার কোড
"Numeric-coded
 Character set","সংখ্যার কোডেড
 অক্ষর সেট"
Numeric control,সংখ্যার নিয়ন্ত্রণ
Numeric data,সংখ্যার ডেটা
"Numeric edited
 Character","সংখ্যার সম্পাদিত
 চরিত্র"
Numeric item,সংখ্যার আইটেম
Numeric literal,সংখ্যার আক্ষরিক
Numeric pad,সংখ্যার প্যাড
Numeric punch,সংখ্যার পাঞ্চ
"Numeric
 Representation","সংখ্যা
 প্রতিনিধিত্ব"
Numeric shift,সংখ্যার শিফট
"Numeric space
 Character","সংখ্যার স্থান
 চরিত্র"
Numeric string,সংখ্যার স্ট্রিং
Numeric word,সংখ্যার শব্দ
Nybble,Nyble
Nyquist rate,Nyquist হার
"Object architecture
 (Object-oriented
 Architecture)","অবজেক্ট আর্কিটেকচার
 (অবজেক্ট ওরিয়েন্টেড
 আর্কিটেকচার)"
Object code,অবজেক্ট কোড
"Object code
 Compatibility","অবজেক্ট কোড
 সামঞ্জস্যতা"
Object computer,অবজেক্ট কম্পিউটার
Object deck,অবজেক্ট ডেক
Object definition,অবজেক্ট সংজ্ঞা
Objective function,উদ্দেশ্য ফাংশন
Object language,অবজেক্ট ভাষা
Object library,অবজেক্ট লাইব্রেরি
Object machine,অবজেক্ট মেশিন
Object model,অবজেক্ট মডেল
Object module,অবজেক্ট মডিউল
"Object module
 Library","অবজেক্ট মডিউল
 গ্রন্থাগার"
"Object-oriented
 Architecture","অবজেক্ট ওরিয়েন্টেড
 আর্কিটেকচার"
"Object oriented
 Language","অবজেক্ট ওরিয়েন্টেড
 ভাষা"
Object pack,অবজেক্ট প্যাক
Object phase,অবজেক্ট ফেজ
Object program,অবজেক্ট প্রোগ্রাম
Object routine,অবজেক্ট রুটিন
Object time,অবজেক্ট সময়
Octal code,অক্টাল কোড
Octal digit,অক্টাল ডিজিট
Octal number,অক্টাল নম্বর
"Octal number
 System","অক্টাল নম্বর
 পদ্ধতি"
Octonary,অক্টোনারি
Odd-even check,বিজোড়-এমনকি চেক
"Odd-even word
 Time","বিজোড়-এমনকি শব্দ
 সময়"
Odd parity,বিজোড় সমতা
Odd parity check,বিজোড় প্যারিটি চেক
Office automation,অফিস অটোমেশন
"Office information
 System","অফিসের তথ্য
 পদ্ধতি"
Off-line,অফ-লাইন
Off-line equipment,অফ-লাইন সরঞ্জাম
Off-line mode,নীরব কার্যপদ্ধতি
Off-line processing,অফ-লাইন প্রসেসিং
Off-line storage,অফ-লাইন স্টোরেজ
Off-line system,অফ-লাইন সিস্টেম
Off-line unit,অফ-লাইন ইউনিট
Offset,অফসেট
Offset punch,অফসেট পাঞ্চ
Offset stacker,অফসেট স্ট্যাকার
Offset system,অফসেট সিস্টেম
Offset variable,অফসেট ভেরিয়েবল
Off-time,সময় বন্ধ
On bit,বিট এ
"On-chip control
 Logic","অন-চিপ নিয়ন্ত্রণ
 যুক্তি"
On condition,শর্তে
On demand system,চাহিদা সিস্টেমে
One-address,এক-ঠিকানা
"One-address
 Instruction","এক-ঠিকানা
 নির্দেশ"
One-chip,এক-চিপ
"One-dimensional
 Language","এক-মাত্রিক
 ভাষা"
One-element,এক-উপাদান
One-for-one,একটির জন্য আরেকটি
"One-for-one
 Translation","একটির জন্য আরেকটি
 অনুবাদ"
"One gate (=OR
 Gate)","একটি গেট (= বা
 গেট)"
One-level address,এক-স্তরের ঠিকানা
One-level code,এক-স্তরের কোড
One-level store,এক-স্তরের দোকান
"One-level
 Subroutine","এক-স্তর
 Subroutine"
One-output,ওয়ান-আউটপুট
One-shot circuit,এক শট সার্কিট
One-stop operation,ওয়ান স্টপ অপারেশন
"One to one
 Assembler","একের পর এক
 এসেম্বলার"
"One to one
 Function","একের পর এক
 ফাংশন"
"One to one onto
 Function","এক থেকে এক
 ফাংশন"
"One way
 Communication","একমুখী
 যোগাযোগ"
One way linked list,এক উপায় লিঙ্কযুক্ত তালিকা
"One-way
 Transmission","একমুখী
 সংক্রমণ"
One-way trunk,একমুখী ট্রাঙ্ক
On-line,অন ​​লাইন
"On-line batch
 Processing","অন-লাইন ব্যাচ
 প্রক্রিয়াজাতকরণ"
"On-line
 Communication","অন ​​লাইন
 যোগাযোগ"
On-line diagnostics,অন-লাইন ডায়াগনস্টিকস
On-line equipment,অন ​​লাইন সরঞ্জাম
On-line fly,অন ​​লাইন ফ্লাই
On-line input,অন-লাইন ইনপুট
On-line mode,আপনি একবার শুধুমাত্র তরুণ
On-line plotter,অন-লাইন প্লট্টার
On-line processing,অন ​​লাইন প্রসেসিং
"On-line program
 Development","অন ​​লাইন প্রোগ্রাম
 উন্নয়ন"
"On-line
 Programming","অন ​​লাইন
 প্রোগ্রামিং"
On-line searching,অন-লাইন অনুসন্ধান
On-line storage,অনলাইন সঞ্চয়স্থান
On-line system,অন-লাইন সিস্টেম
On-line terminal,অন-লাইন টার্মিনাল
"On-line terminal
 Test","অন-লাইন টার্মিনাল
 পরীক্ষা"
On-line testing,অন ​​লাইন পরীক্ষা
On-line test system,অন-লাইন পরীক্ষা সিস্টেম
On-line unit,অন-লাইন ইউনিট
Onto function,ফাংশন উপর
Open addressing,খোলা ঠিকানা
Open code,খোলা কোড
Open collector,খোলা সংগ্রাহক
"Open collector
 Device","খোলা সংগ্রাহক
 যন্ত্র"
Open contact tone,যোগাযোগের সুরটি খুলুন
Open-ended,উন্মুক্ত
Open-ended line,ওপেন-এন্ড লাইন
Open file,খোলা ফাইল
Open loop control,লুপ নিয়ন্ত্রণ খুলুন
Open loop system,ওপেন লুপ সিস্টেম
Open numbering,খোলা নম্বর
Open routine,খোলা রুটিন
Open shop,খোলা দোকান
"Open shop
 Operation","খোলা দোকান
 অপারেশন"
Open subroutine,ওপেন সাবরুটাইন
Open system,মুক্ত ব্যবস্থা
"Open systems
 Interconnection","ওপেন সিস্টেম
 আন্তঃসংযোগ"
"Open systems
 Interworking","ওপেন সিস্টেম
 আন্তঃসংযোগ"
Open wire,খোলা তার
Open-wire line,ওপেন-ওয়্যার লাইন
Operand,অপারেন্ড
Operand field,অপারেন্ড ফিল্ড
Operate mode,অপারেট মোড
Operating delay,অপারেটিং বিলম্ব
"Operating
 Environment","অপারেটিং
 পরিবেশ"
Operating range,চালানোর সীমা
Operating ratio,অপারেটিং অনুপাত
Operating space,অপারেটিং স্পেস
Operating system,অপারেটিং সিস্টেম
"Operating system
 Function","অপারেটিং সিস্টেম
 ফাংশন"
Operating time,অপারেটিং সময়
"Operating voltage
 Indicator","অপারেটিং ভোল্টেজ
 সূচক"
Operation,অপারেশন
"Operational 
 Character","অপারেশনাল
 চরিত্র"
Operational mode,অপারেশনাল মোড
Operational sign,অপারেশনাল সাইন
Operational unit,অপারেশনাল ইউনিট
Operational word,অপারেশনাল শব্দ
Operation code,অপারেশন কোড
"Operation control
 Language","অপারেশন নিয়ন্ত্রণ
 ভাষা"
"Operation control
 Statement","অপারেশন নিয়ন্ত্রণ
 বিবৃতি"
Operation cycle,অপারেশন চক্র
Operation decoder,অপারেশন ডিকোডার
"Operation
 Expression","অপারেশন
 অভিব্যক্তি"
Operation field,অপারেশন ফিল্ড
Operation number,অপারেশন নম্বর
Operation part,অপারেশন অংশ
Operation ratio,অপারেশন অনুপাত
"Operations analysis
 (= Operations
 Research)","অপারেশন বিশ্লেষণ
 (= অপারেশন
 গবেষণা)"
Operations control,অপারেশন নিয়ন্ত্রণ
"Operations
 Multitask","অপারেশন
 মাল্টিটাস্ক"
Operation time,অপারেশনের সময়
Operator,অপারেটর
"Operator
 Authorization
 Record","অপারেটর
 অনুমোদন
 রেকর্ড"
"Operator 
 Command","অপারেটর
 কমান্ড"
Operator console,অপারেটর কনসোল
"Operator control
 Language","অপারেটর নিয়ন্ত্রণ
 ভাষা"
"Operator control
 Panel","অপারেটর নিয়ন্ত্রণ
 প্যানেল"
Operator error,অপারেটর ত্রুটি
"Operator guidance
 Code","অপারেটর গাইডেন্স
 কোড"
"Operator
 Intervention
 Section","অপারেটর
 হস্তক্ষেপ
 অধ্যায়"
Operator message,অপারেটর বার্তা
Operator part,অপারেটর অংশ
Operator trunk,অপারেটর ট্রাঙ্ক
Op register,ওপি রেজিস্টার
"Optical binary
 Search tree","অপটিকাল বাইনারি
 অনুসন্ধান গাছ"
"Optical character
 Recognition","অপটিক্যাল চরিত্র
 স্বীকৃতি"
Optical fibre,অপটিকাল ফাইবার
Optical font,অপটিকাল ফন্ট
"Optical mark
 Reading","অপটিক্যাল চিহ্ন
 পড়া"
Optical memory,অপটিক্যাল মেমরি
Optical reader,অপটিক্যাল রিডার
Optical scanner,অপটিক্যাল স্ক্যানার
Optical scanning,অপটিক্যাল স্ক্যানিং
Optical wand,অপটিকাল ভ্যান্ড
"Optimal merge
 Tree","অনুকূল মার্জ
 গাছ"
Optimization,অপ্টিমাইজেশন
Optimum coding,সর্বোত্তম কোডিং
"Optimum
 Programming","সর্বোত্তম
 প্রোগ্রামিং"
Option,বিকল্প
"Optional halt
 Instruction","Al চ্ছিক হাল্ট
 নির্দেশ"
"Optional pause
 Instruction","Al চ্ছিক বিরতি
 নির্দেশ"
"Optional stop
 Instruction","Al চ্ছিক স্টপ
 নির্দেশ"
Optional word,Al চ্ছিক শব্দ
Option list,বিকল্প তালিকা
Opto coupler,অপ্টো কাপলার
Optoelectronics,অপটোলেক্ট্রনিক্স
"Optoelectronic
 Technology","অপটোলেক্ট্রোনিক
 প্রযুক্তি"
Optoisolater,Optoisolater
OR,বা
OR circuit,বা সার্কিট
Ordered tree,অর্ডার গাছ
Ordering bias,অর্ডার পক্ষপাত
Ordering relation,অর্ডার সম্পর্ক
Order statistics,অর্ডার পরিসংখ্যান
"Order wire circuits
 (= Order circuit)","অর্ডার ওয়্যার সার্কিট
 (= অর্ডার সার্কিট)"
"Order wire
 Multiplex","অর্ডার ওয়্যার
 মাল্টিপ্লেক্স"
Ordinary symbol,সাধারণ প্রতীক
OR element,বা উপাদান
"Organisational
 information
 system","সাংগঠনিক
 তথ্য
 পদ্ধতি"
OR gate,বা গেট
Original language,আসল ভাষা
OR mixer,বা মিক্সার
OR operation,বা অপারেশন
"Orthogonal
 Analysis","অরথোগোনাল
 বিশ্লেষণ"
Orthogonal basis,অরথোগোনাল ভিত্তি
Orthogonal list,অরথোগোনাল তালিকা
"Orthogonal 
 Memory","অরথোগোনাল
 স্মৃতি"
"Orthonormal
 Analysis","অর্থোনরমাল
 বিশ্লেষণ"
Oscillating sort,দোলনা বাছাই
Out connector,আউট সংযোগকারী
Out degree,আউট ডিগ্রি
Outer code,বাইরের কোড
"Outler
 Macroinstruction","আউটলার
 ম্যাক্রোইনস্ট্রাকশন"
Output,আউটপুট
Output area,আউটপুট অঞ্চল
Output assertion,আউটপুট দৃ ser ়তা
Output block,আউটপুট ব্লক
"Output blocking
 Factor","আউটপুট ব্লকিং
 ফ্যাক্টর"
Output capability,আউটপুট ক্ষমতা
Output capacity,আউটপুট ক্ষমতা
Output channel,আউটপুট চ্যানেল
Output data,আউটপুট ডেটা
Output device,আউটপুট ডিভাইস
Output file,আউটপুট ফাইল
"Output job stream
 (=Output
 Stream)","আউটপুট কাজের স্ট্রিম
 (= আউটপুট
 প্রবাহ)"
"Output limited
 Process","আউটপুট সীমাবদ্ধ
 প্রক্রিয়া"
"Output limited
 System","আউটপুট সীমাবদ্ধ
 পদ্ধতি"
Output module,আউটপুট মডিউল
Output primitive,আউটপুট আদিম
Output process,আউটপুট প্রক্রিয়া
Output program,আউটপুট প্রোগ্রাম
"Output program
 Module","আউটপুট প্রোগ্রাম
 মডিউল"
Output punch,আউটপুট পাঞ্চ
Output queue,আউটপুট সারি
Output register,আউটপুট রেজিস্টার
"Output register
 Buffer","আউটপুট রেজিস্টার
 বাফার"
Output routine,আউটপুট রুটিন
"Output routine
 Generator","আউটপুট রুটিন
 জেনারেটর"
Output state,আউটপুট রাষ্ট্র
Output statement,আউটপুট বিবৃতি
Output stream,আউটপুট স্ট্রিম
"Output tape
 Sorting","আউটপুট টেপ
 শ্রেণীবিভাজন"
Output unit,আউটপুট ইউনিট
Output work queue,আউটপুট কাজের সারি
Output writer,আউটপুট লেখক
Out spool area,স্পুল অঞ্চল আউট
Over capacity,ক্ষমতা ওভার
Overflow,ওভারফ্লো
Overflow check,ওভারফ্লো চেক
Overflow condition,ওভারফ্লো শর্ত
Overflow error,ওভারফ্লো ত্রুটি
Overflow exception,ওভারফ্লো ব্যতিক্রম
Overflow field,ওভারফ্লো ফিল্ড
Overflow indicator,ওভারফ্লো সূচক
Overflow position,ওভারফ্লো অবস্থান
Overflow record,ওভারফ্লো রেকর্ড
Overhead bit,ওভারহেড বিট
"Overhead
 Operation","ওভারহেড
 অপারেশন"
Overlay keyboard,ওভারলে কীবোর্ড
Overlay module,ওভারলে মডিউল
Overlay path,ওভারলে পাথ
Overlay program,ওভারলে প্রোগ্রাম
Overlay region,ওভারলে অঞ্চল
Overlay segment,ওভারলে বিভাগ
Overlay structure,ওভারলে কাঠামো
Overlay supervisor,ওভারলে সুপারভাইজার
Overlay tree,ওভারলে গাছ
Overload,ওভারলোড
Overload simulator,ওভারলোড সিমুলেটর
Overprinting,ওভারপ্রিন্টিং
Overpunch,ওভারপঞ্চ
Override interrupt,ওভাররাইড বাধা
Over run,ওভার রান
Overrun error,ওভাররান ত্রুটি
Own coding,নিজস্ব কোডিং
Owner,মালিক
Pacing,প্যাসিং
Pack,প্যাক
Package,প্যাকেজ
Packed array,প্যাকড অ্যারে
Packed format,প্যাকড ফর্ম্যাট
Packet,প্যাকেট
"Packet assembler/-
 Disassembler","প্যাকেট এসেম্বলার/-
 ডিসসেম্বলার"
Packet assembly,প্যাকেট সমাবেশ
"Packet
 Disassembly","প্যাকেট
 বিচ্ছিন্ন"
Packet format,প্যাকেট ফর্ম্যাট
"Packet layer
 Protocol","প্যাকেট স্তর
 প্রোটোকল"
"Packet mode
 Operation","প্যাকেট মোড
 অপারেশন"
"Packet mode
 Terminal","প্যাকেট মোড
 টার্মিনাল"
Packet radio,প্যাকেট রেডিও
Packet sequencing,প্যাকেট সিকোয়েন্সিং
"Packet switched
 Data service","প্যাকেট স্যুইচড
 তথ্য সেবা"
Packet switching,প্যাকেট স্যুইচিং
Packing,মোড়ক
Packing density,প্যাকিং ঘনত্ব
Packing factor,প্যাকিং ফ্যাক্টর
Packing fraction,প্যাকিং ভগ্নাংশ
Packing sequence,প্যাকিং ক্রম
Pad,প্যাড
Pad character,প্যাড চরিত্র
Padding,প্যাডিং
Page,পৃষ্ঠা
Page addressing,পৃষ্ঠা ঠিকানা
Page control,পৃষ্ঠা নিয়ন্ত্রণ
Page data set,পৃষ্ঠা ডেটা সেট
Page depth,পৃষ্ঠা গভীরতা
Page depth control,পৃষ্ঠা গভীরতা নিয়ন্ত্রণ
Page display,পৃষ্ঠা প্রদর্শন
Paged machine,পেজড মেশিন
Paged memory,পেজযুক্ত স্মৃতি
"Paged memory
 Management","পেজযুক্ত স্মৃতি
 পরিচালনা"
"Paged
 Segmentation","পেজড
 বিভাজন"
"Page end
 Character","পৃষ্ঠা শেষ
 চরিত্র"
Page fixing,পৃষ্ঠা ফিক্সিং
Page footing,পৃষ্ঠা পাদদেশ
Page frame,পৃষ্ঠা ফ্রেম
Page heading,পৃষ্ঠা শিরোনাম
Page in,পৃষ্ঠা ইন
Page key,পৃষ্ঠা কী
Page lock,পৃষ্ঠা লক
Page locking,পৃষ্ঠা লকিং
Page out,পৃষ্ঠা আউট
Page pool,পৃষ্ঠা পুল
Page printer,পৃষ্ঠা প্রিন্টার
Page reader,পৃষ্ঠা পাঠক
Page sealing,পৃষ্ঠা সিলিং
Page swapping,পৃষ্ঠা অদলবদল
Page table,পৃষ্ঠা টেবিল
Page turning,পৃষ্ঠা টার্নিং
Pagination,পৃষ্ঠা
Paging,পেজিং
Paging device,পেজিং ডিভাইস
Paging drum,পেজিং ড্রাম
Paging technique,পেজিং কৌশল
Paging terminal,পেজিং টার্মিনাল
Paired cable,জোড় করা কেবল
Pair gain,জুটি লাভ
Panel,প্যানেল
Panel data set,প্যানেল ডেটা সেট
"Panel definition
 Program","প্যানেল সংজ্ঞা
 কার্যক্রম"
Panel number,প্যানেল নম্বর
"Paper-advance
 Unit","কাগজ-অগ্রিম
 ইউনিট"
Paper jam,কাগজ জ্যাম
Paper sensing,কাগজ সংবেদন
Paper sensor,কাগজ সেন্সর
Paper skip,কাগজ এড়ানো
Paper tape,কাগজ টেপ
"Paper tape
 Channel","কাগজ টেপ
 চ্যানেল"
Paper tape code,কাগজ টেপ কোড
"Paper tape output
 Device","কাগজ টেপ আউটপুট
 যন্ত্র"
Paper tape reader,কাগজ টেপ পাঠক
"Paper tape
 Recorder","কাগজ টেপ
 রেকর্ডার"
Paper tape speed,কাগজ টেপ গতি
Paper tape system,কাগজ টেপ সিস্টেম
Paper tape type,কাগজ টেপ টাইপ
"Paper throw
 (= Paper skip)","কাগজ নিক্ষেপ
 (= কাগজ এড়িয়ে যান)"
Parabolic dish,প্যারাবলিক ডিশ
Parabolic profile,প্যারাবোলিক প্রোফাইল
Paragraph,অনুচ্ছেদ
"Paragraph
 Assembly","অনুচ্ছেদ
 সমাবেশ"
Paragraph header,অনুচ্ছেদ শিরোনাম
Paragraph key,অনুচ্ছেদ কী
Paragraph name,অনুচ্ছেদের নাম
Parallel access,সমান্তরাল অ্যাক্সেস
Parallel addition,সমান্তরাল সংযোজন
Parallel algorithm,সমান্তরাল অ্যালগরিদম
Parallel arithmetic,সমান্তরাল গাণিতিক
"Parallel arithmetic
 Element","সমান্তরাল গাণিতিক
 উপাদান"
"Parallel binary
 Adder","সমান্তরাল বাইনারি
 সংযোজন"
"Parallel bit
 Transmission","সমান্তরাল বিট
 সংক্রমণ"
Parallel by bit,বিট দ্বারা সমান্তরাল
"Parallel by
 Character","সমান্তরাল দ্বারা
 চরিত্র"
Parallel computer,সমান্তরাল কম্পিউটার
"Parallel data
 Controller","সমান্তরাল ডেটা
 নিয়ামক"
"Parallel data
 Medium","সমান্তরাল ডেটা
 মধ্যম"
"Parallel in parallel
 Out","সমান্তরাল সমান্তরাল
 বাইরে"
"Parallel
 Input/output","সমান্তরাল
 ইনপুট আউটপুট"
"Parallel in serial
 Out","সিরিয়াল সমান্তরাল
 বাইরে"
Parallel interface,সমান্তরাল ইন্টারফেস
Parallelism,সমান্তরালতা
Parallel operation,সমান্তরাল অপারেশন
Parallel port,সমান্তরাল পোর্ট
Parallel processing,সমান্তরাল প্রক্রিয়াকরণ
"Parallel processing
 Computer","সমান্তরাল প্রক্রিয়াকরণ
 কম্পিউটার"
"Parallel
 Programming","সমান্তরাল
 প্রোগ্রামিং"
"Parallel rewriting
 System","সমান্তরাল পুনর্লিখন
 পদ্ধতি"
"Parallel running
 (= Parallel
 Processing)","সমান্তরাল চলমান
 (= সমান্তরাল
 প্রক্রিয়াজাতকরণ)"
"Parallel search
 Storage","সমান্তরাল অনুসন্ধান
 স্টোরেজ"
Parallel storage,সমান্তরাল স্টোরেজ
Parallel terminal,সমান্তরাল টার্মিনাল
"Parallel-to-serial
 Convertor","সমান্তরাল থেকে সিরিয়াল
 রূপান্তরকারী"
Parallel transfer,সমান্তরাল স্থানান্তর
"Parallel
 Transmission","সমান্তরাল
 সংক্রমণ"
Parameter,প্যারামিটার
Parameter block,প্যারামিটার ব্লক
Parameter card,প্যারামিটার কার্ড
"Parameter
 Descriptor","প্যারামিটার
 বর্ণনাকারী"
"Parameter
 Descriptor list","প্যারামিটার
 বর্ণনাকারী তালিকা"
Parameter passing,প্যারামিটার পাসিং
Parameter testing,প্যারামিটার পরীক্ষা
Parameter word,প্যারামিটার শব্দ
"Parametric
 Programming","প্যারামেট্রিক
 প্রোগ্রামিং"
"Parametric
 Technique","প্যারামেট্রিক
 প্রযুক্তি"
"Parametric
 Variation","প্যারামেট্রিক
 বিভিন্নতা"
Parametron,প্যারামেট্রন
Parasitic signal,পরজীবী সংকেত
"Parenthesis free
 Notation","বন্ধনী মুক্ত
 স্বরলিপি"
Parent segment,মূল বিভাগ
Parity bit,সমতা বিট
Parity check,প্যারিটি চেক
Parity check code,প্যারিটি চেক কোড
"Parity check
 Matrix","প্যারিটি চেক
 ম্যাট্রিক্স"
Parity digit,সমতা অঙ্ক
Parity flag,সমতা পতাকা
Parity line circuit,প্যারিটি লাইন সার্কিট
Parse,পার্স
Parser,পার্সার
Parse tree,পার্স ট্রি
Parsing,পার্সিং
Partial carry,আংশিক বহন
Partial corrctness,আংশিক Corctness
Partial function,আংশিক ফাংশন
"Partially qualified
 Name","আংশিক যোগ্য
 নাম"
Partial ordering,আংশিক ক্রম
Partial read pulse,আংশিক পঠন পালস
"Partial recursive
 Function","আংশিক পুনরাবৃত্তি
 ফাংশন"
Partial word,আংশিক শব্দ
Partial write pulse,আংশিক লেখার পালস
"Partitioned access
 Method","বিভাজন অ্যাক্সেস
 পদ্ধতি"
"Partitioned data 
 Set","বিভাজনযুক্ত ডেটা
 সেট"
Partitioning,পার্টিশন
Part programming,পার্ট প্রোগ্রামিং
Party-line service,পার্টি-লাইন পরিষেবা
Pascal-plus,পাস্কাল-প্লাস
Passband,পাসব্যান্ড
Passband channel,পাসব্যান্ড চ্যানেল
Passed data set,পাস ডেটা সেট
Pass instruction,নির্দেশ দিন
Passive graphics,প্যাসিভ গ্রাফিক্স
Passive mode,প্যাসিভ মোড
Passive station,প্যাসিভ স্টেশন
Password,পাসওয়ার্ড
Patch,প্যাচ
Patch bay,প্যাচ বে
Patch board,প্যাচ বোর্ড
Patch panel,প্যাচ প্যানেল
Patch plug,প্যাচ প্লাগ
Patch routine,প্যাচ রুটিন
Path analysis,পথ বিশ্লেষণ
Path condition,পাথ শর্ত
"Path factor (= path
 Loop factor)","পাথ ফ্যাক্টর (= পথ
 লুপ ফ্যাক্টর)"
"Pattern
 Articulating
 Device","প্যাটার্ন
 বক্তৃতা
 যন্ত্র"
"Pattern handling
 Statement","প্যাটার্ন হ্যান্ডলিং
 বিবৃতি"
Pattern inventory,প্যাটার্ন ইনভেন্টরি
"Pattern
 Recognition","প্যাটার্ন
 স্বীকৃতি"
"Pattern sensitive
 Fault","প্যাটার্ন সংবেদনশীল
 দোষ"
Pause instruction,বিরতি নির্দেশ
Pause retry,বিরতি পুনরায় চেষ্টা করুন
P C Junior,পি সি জুনিয়র
Peak load,শীর্ষ লোড
Peer to peer,পিয়ার টু পিয়ার
"Peer to peer
 Communication","পিয়ার টু পিয়ার
 যোগাযোগ"
Peg0count,Peg0count
Pel,পেল
Pel matrix,পেল ম্যাট্রিক্স
Pen (light) control,কলম (হালকা) নিয়ন্ত্রণ
Percolation,পারকোলেশন
Perfect code,নিখুঁত কোড
"Perfective
 Maintenance","নিখুঁত
 রক্ষণাবেক্ষণ"
Perforated tape,ছিদ্রযুক্ত টেপ
"Perforated tape
 Code","ছিদ্রযুক্ত টেপ
 কোড"
"Perforated tape
 Reader","ছিদ্রযুক্ত টেপ
 পাঠক"
Perforator,ছিদ্রকারী
"Performance
 Analysis and 
 Evaluation","কর্মক্ষমতা
 বিশ্লেষণ এবং
 মূল্যায়ন"
"Performance
 Evaluation","কর্মক্ষমতা
 মূল্যায়ন"
"Performance
 Group","কর্মক্ষমতা
 গ্রুপ"
"Performance
 Monitoring","কর্মক্ষমতা
 পর্যবেক্ষণ"
"Performance
 Objective","কর্মক্ষমতা
 উদ্দেশ্য"
"Performance
 Requirement","কর্মক্ষমতা
 প্রয়োজনীয়তা"
"Performance
 Specification","কর্মক্ষমতা
 স্পেসিফিকেশন"
"Performance
 Verification","কর্মক্ষমতা
 প্রতিপাদন"
Period definition,পিরিয়ড সংজ্ঞা
Peripheral,পেরিফেরাল
"Peripheral
 Address","পেরিফেরাল
 ঠিকানা"
Peripheral bus,পেরিফেরাল বাস
Peripheral control,পেরিফেরাল নিয়ন্ত্রণ
"Peripheral control
 Unit","পেরিফেরাল নিয়ন্ত্রণ
 ইউনিট"
"Peripheral
 Conversion
 Program","পেরিফেরাল
 রূপান্তর
 কার্যক্রম"
Peripheral device,পেরিফেরাল ডিভাইস
"Peripheral
 Equipment","পেরিফেরাল
 সরঞ্জাম"
"Peripheral
 Interface adaptor","পেরিফেরাল
 ইন্টারফেস অ্যাডাপ্টার"
"Peripheral
 Interface channel","পেরিফেরাল
 ইন্টারফেস চ্যানেল"
"Peripheral
 Interface register","পেরিফেরাল
 ইন্টারফেস রেজিস্টার"
"Peripheral
 Interrupt","পেরিফেরাল
 বাধা"
Peripheral node,পেরিফেরাল নোড
"Peripheral 
 Operation","পেরিফেরাল
 অপারেশন"
"Peripheral
 Processor","পেরিফেরাল
 প্রসেসর"
"Peripheral
 Subsystem","পেরিফেরাল
 সাবসিস্টেম"
Peripheral transfer,পেরিফেরাল ট্রান্সফার
Peripheral trunk,পেরিফেরাল ট্রাঙ্ক
Permanent error,স্থায়ী ত্রুটি
Permanent file,স্থায়ী ফাইল
"Permanent
 Memory","স্থায়ী
 স্মৃতি"
"Permanent
 Read/write error","স্থায়ী
 ত্রুটি পড়ুন/লিখুন"
Permanent signal,স্থায়ী সংকেত
Permanent storage,স্থায়ী স্টোরেজ
"Permanent virtual
 Circuit","স্থায়ী ভার্চুয়াল
 সার্কিট"
Personal computer,ব্যক্তিগত কম্পিউটার
Petri net,পেট্রি নেট
Phantom circuit,ফ্যান্টম সার্কিট
Phantom group,ফ্যান্টম গ্রুপ
Phase constant,ধ্রুবক ধ্রুবক
Phase decoder,ফেজ ডিকোডার
Phase distortion,ফেজ বিকৃতি
Phase encoded,পর্ব এনকোডেড
Phase encoding,ফেজ এনকোডিং
"Phase inversion
 Modulation","ফেজ বিপরীততা
 মড্যুলেশন"
Phase jitter,ফেজ জিটার
"Phase locked
 Oscillator","ফেজ লক
 দোলক"
Phase lock loop,ফেজ লক লুপ
"Phase modulation
 Recording","ফেজ মডুলেশন
 রেকর্ডিং"
Phase shift keying,ফেজ শিফট কীিং
Phoneme,ফোনমে
Phonetic system,ফোনেটিক সিস্টেম
Photocell matrix,ফটোসেল ম্যাট্রিক্স
Photo lithography,ফটো লিথোগ্রাফি
Photo micrograph,ফটো মাইক্রোগ্রাফ
"Photo
 Micrography","ছবি
 মাইক্রোগ্রাফি"
Photo resist,ফটো প্রতিরোধ
Photo sensor,ফটো সেন্সর
Photo type setter,ফটো টাইপ সেটার
"Physical access
 Level","শারীরিক অ্যাক্সেস
 স্তর"
Physical block,শারীরিক ব্লক
Physical circuit,শারীরিক সার্কিট
"Physical
 Connection","শারীরিক
 সংযোগ"
Physical interface,শারীরিক ইন্টারফেস
Physical layer,পদার্থের স্তর
"Physical main
 Storage","শারীরিক প্রধান
 স্টোরেজ"
"Physical parent
 Segment","শারীরিক পিতামাতা
 বিভাগ"
Physical record,শারীরিক রেকর্ড
"Physical record
 Block","শারীরিক রেকর্ড
 ব্লক"
"Physical 
 Relationship","শারীরিক
 সম্পর্ক"
Physical resource,শারীরিক সম্পদ
Physical segment,শারীরিক বিভাগ
"Physical
 Simulation","শারীরিক
 সিমুলেশন"
Physical structure,শারীরিক কাঠামো
Physical volume,শারীরিক ভলিউম
Pick up,বাছাই
Pick up device,ডিভাইস তুলুন
Pico second,পিকো দ্বিতীয়
Pictorial,চিত্রযুক্ত
Picture element,চিত্র উপাদান
Picture processing,ছবি প্রক্রিয়াকরণ
"Picture
 Specification","ছবি
 স্পেসিফিকেশন"
"Picture
 Specification
 Character","ছবি
 স্পেসিফিকেশন
 চরিত্র"
"Piggy back
 Hardware","পিগি পিছনে
 হার্ডওয়্যার"
Pilot model,পাইলট মডেল
Pilot tape,পাইলট টেপ
Pin board,পিন বোর্ড
Pinch roller,চিমটি রোলার
Pin feed platen,পিন ফিড প্লেট
Pipeline processing,পাইপলাইন প্রসেসিং
Pipelining,পাইপলাইনিং
Pitch,পিচ
Pixel,পিক্সেল
Pixelization,পিক্সেলাইজেশন
Place,স্থান
Planar graph,প্ল্যানার গ্রাফ
Plasma display,প্লাজমা প্রদর্শন
Plasma panel,প্লাজমা প্যানেল
Plasma ray device,প্লাজমা রে ডিভাইস
Platen,প্ল্যাটেন
Plex,প্লেক্স
Plotter,চক্রান্তকারী
Plotting,চক্রান্ত করা
Plotting head,মাথা প্লট করা
Plugboard,প্লাগবোর্ড
Plugboard chart,প্লাগবোর্ড চার্ট
"Plugboard
 Computer","প্লাগবোর্ড
 কম্পিউটার"
Plug compatible,প্লাগ সামঞ্জস্যপূর্ণ
Plugging chart,প্লাগিং চার্ট
Pneumatic logic,বায়ুসংক্রান্ত যুক্তি
Pocket,পকেট
Pocket sorting,পকেট বাছাই
Pointer variable,পয়েন্টার ভেরিয়েবল
"Point-plotting
 Technique","পয়েন্ট-প্লটিং
 প্রযুক্তি"
"Point to point
 Connection","বিন্দু বিন্দু
 সংযোগ"
Point to point line,পয়েন্ট টু পয়েন্ট লাইন
"Point to point
 Transmission","বিন্দু বিন্দু
 সংক্রমণ"
Polar keying,পোলার কীিং
Polar operation,পোলার অপারেশন
Polar relay,পোলার রিলে
Polar signal,পোলার সিগন্যাল
Polar transmission,মেরু সংক্রমণ
Polling,পোলিং
Polling character,পোলিং চরিত্র
Polling interval,পোলিং ব্যবধান
Polling list,পোলিং তালিকা
Polymorphic,পলিমারফিক
"Polynomial
 Bounded
 Algorithm","বহুবর্ষ
 আবদ্ধ
 অ্যালগরিদম"
Polynomial code,বহুবর্ষ কোড
"Polynomial
 Equation","বহুবর্ষ
 সমীকরণ"
"Polynomial
 Interpolation","বহুবর্ষ
 ইন্টারপোলেশন"
Polynomial space,বহুবর্ষীয় স্থান
Polynomial time,বহুবর্ষীয় সময়
Pooling block,পুলিং ব্লক
Pop,পপ
"Pop-push
 Instruction","পপ-পুশ
 নির্দেশ"
Port,বন্দর
Port circuit,পোর্ট সার্কিট
"Poset (partially
 Ordered set)","পজেট (আংশিকভাবে
 অর্ডার সেট)"
Positional notation,অবস্থানগত স্বরলিপি
Positional operand,অবস্থানগত অপারেন্ড
"Positional
 Parameter","অবস্থানগত
 প্যারামিটার"
"Positional
 Representation","অবস্থানগত
 প্রতিনিধিত্ব"
"Positional
 Representation
 System","অবস্থানগত
 প্রতিনিধিত্ব
 পদ্ধতি"
Positional system,অবস্থানগত সিস্টেম
"Position
 Independent
 Code","অবস্থান
 স্বতন্ত্র
 কোড"
Positioning,অবস্থান
Positioning time,অবস্থান সময়
Position pulse,পজিশন ডাল
Position tree,অবস্থান গাছ
Positive acknowledgement,ইতিবাচক স্বীকৃতি
Positive logic,ইতিবাচক যুক্তি
Positive response,ইতিবাচক প্রতিক্রিয়া
Postamble,পোস্ট্যাম্বল
Postcondition,পোস্টকন্ডিশন
"Post detection
 Combiner","পোস্ট সনাক্তকরণ
 কম্বাইনার"
Postedit,পোস্ট
Post edit program,পোস্ট সম্পাদনা প্রোগ্রাম
"Post fix notation
 (= Suffix
 Notation)","পোস্ট ফিক্স স্বরলিপি
 (= প্রত্যয়
 স্বরলিপি)"
Postmortem,পোস্টমর্টেম
"Post mortem
 Routine","পোস্ট মর্টেম
 রুটিন"
"Post order
 Traversal","পোস্ট অর্ডার
 ট্র্যাভারসাল"
Post processor,প্রসেসর পোস্ট
"Post production
 System","উৎপাদন পরবর্তি
 পদ্ধতি"
"Power circuit
 Breaker","পাওয়ার সার্কিট
 ব্রেকার"
"Power density
 Spectrum","শক্তি ঘনত্ব
 বর্ণালী"
Power down mode,পাওয়ার ডাউন মোড
Power dump,পাওয়ার ডাম্প
"Power fail
 Recovery","শক্তি ব্যর্থ
 পুনরুদ্ধার"
"Power limited
 Channel","পাওয়ার লিমিটেড
 চ্যানেল"
Power routing,পাওয়ার রাউটিং
Power set,পাওয়ার সেট
Pre-assembly time,প্রাক-সমাবেশ সময়
Precedence code,অগ্রাধিকার কোড
"Precedence
 Hierarchy","অগ্রাধিকার
 হায়ারার্কি"
"Precedence
 Parsing","অগ্রাধিকার
 পার্সিং"
Precision,নির্ভুলতা
Precoded form,প্রাকোড ফর্ম
"Precompiler
 Program","প্রাকম্পিলার
 কার্যক্রম"
Precondition,পূর্বশর্ত
Predefined process,পূর্বনির্ধারিত প্রক্রিয়া
Predicate,ভবিষ্যদ্বাণী
Predicate calculus,ক্যালকুলাস প্রাক্কেট করুন
"Predicate
 Transformer","ভবিষ্যদ্বাণী
 ট্রান্সফর্মার"
Preemptive allocation,প্রিমিমেটিভ বরাদ্দ
Prefix code,উপসর্গ কোড
Prefix notation,উপসর্গ স্বরলিপি
Prefix operator,উপসর্গ অপারেটর
Preorder traversal,প্রির্ডার ট্র্যাভারসাল
Preprocessor,প্রিপ্রোসেসর
"Preprocessor
 Statement","প্রিপ্রোসেসর
 বিবৃতি"
Presentation layer,উপস্থাপনা স্তর
Preset,প্রিসেট
Preset control line,প্রিসেট নিয়ন্ত্রণ লাইন
Preset parameter,প্রিসেট প্যারামিটার
Presort,প্রেসর্ট
Prestore,প্রেস্টোর
"Presumptive
 Address
 (= Reference
 Address)","অনুমানমূলক
 ঠিকানা
 (= রেফারেন্স
 ঠিকানা)"
"Presumptive
 Instruction","অনুমানমূলক
 নির্দেশ"
Preventive maintenance,প্রতিষেধক রক্ষণাবেক্ষণ
Primary centre,প্রাথমিক কেন্দ্র
"Primary entry
 Point","প্রাথমিক এন্ট্রি
 পয়েন্ট"
Primary file,প্রাথমিক ফাইল
Primary function,প্রাথমিক কাজ
Primary index,প্রাথমিক সূচক
Primary key,প্রাথমিক কী
Primary memory,প্রাথমিক স্মৃতি
"Primary
 Processing unit","প্রাথমিক
 প্রসেসিং ইউনিট"
"Primary space
 Allocation","প্রাথমিক স্থান
 বরাদ্দ"
Primary station,প্রাথমিক স্টেশন
Primary storage,প্রাথমিক স্টোরেজ
Prime focus,প্রধান ফোকাস
Prime shift,প্রাইম শিফট
Primitive data type,আদিম ডেটা টাইপ
Primitive element,আদিম উপাদান
"Primitive recursive
 Function","আদিম পুনরাবৃত্তি
 ফাংশন"
"Principal
 Component
 Analysis","অধ্যক্ষ
 উপাদান
 বিশ্লেষণ"
Print bar,মুদ্রণ বার
Print chain,মুদ্রণ চেইন
Print contrast ratio,বিপরীতে অনুপাত মুদ্রণ করুন
Print contrast signal,কনট্রাস্ট সিগন্যাল মুদ্রণ করুন
"Print control
 Character","মুদ্রণ নিয়ন্ত্রণ
 চরিত্র"
Print cut,মুদ্রণ কাটা
Print data set,প্রিন্ট ডেটা সেট
Print drum,প্রিন্ট ড্রাম
Printed card form,মুদ্রিত কার্ড ফর্ম
"Printed circuit
 Board","মুদ্রিত সার্কিট
 বোর্ড"
Printer,প্রিন্টার
Printer format,প্রিন্টার ফর্ম্যাট
"Printer operating
 Speed","প্রিন্টার অপারেটিং
 দ্রুততা"
Printer plotter,প্রিন্টার চক্রান্ত
Printer skipping,প্রিন্টার স্কিপিং
"Printer spacing
 Chart","প্রিন্টার ব্যবধান
 চার্ট"
Printer speed,প্রিন্টার গতি
Print format,মুদ্রণ ফর্ম্যাট
Printing calculator,মুদ্রণ ক্যালকুলেটর
Printing counter,মুদ্রণ কাউন্টার
Print line,মুদ্রণ লাইন
Print record,মুদ্রণ রেকর্ড
"Print record
 Header","মুদ্রণ রেকর্ড
 শিরোনাম"
Print server,মুদ্রণ সার্ভার
Print transparent,স্বচ্ছ মুদ্রণ
Print wheel,প্রিন্ট হুইল
Prioritize,অগ্রাধিকার
Priority encoder,অগ্রাধিকার এনকোডার
Priority indicator,অগ্রাধিকার সূচক
Priority interrupt,অগ্রাধিকার বাধা
Priority limit,অগ্রাধিকার সীমা
Priority number,অগ্রাধিকার নম্বর
Priority processing,অগ্রাধিকার প্রক্রিয়াকরণ
Priority queue,অগ্রাধিকার সারি
Priority routine,অগ্রাধিকার রুটিন
Priority scheduler,অগ্রাধিকার সময়সূচী
"Priority scheduling
 System","অগ্রাধিকার সময়সূচী
 পদ্ধতি"
Priority structure,অগ্রাধিকার কাঠামো
Privacy,গোপনীয়তা
"Private address
 Space","ব্যক্তিগত ঠিকানা
 স্থান"
"Private automatic
 Exchange","ব্যক্তিগত স্বয়ংক্রিয়
 বিনিময়"
"Private branch
 Exchange","বেসরকারী শাখা
 বিনিময়"
Private code,ব্যক্তিগত কোড
Private library,ব্যক্তিগত গ্রন্থাগার
"Privilege
 Instruction","অধিকার
 নির্দেশ"
"Probabilistic
 Automata","সম্ভাব্য
 অটোমেটা"
"Probability
 Calculus","সম্ভাবনা
 ক্যালকুলাস"
Problem data,সমস্যা ডেটা
"Problem
 Description","সমস্যা
 বর্ণনা"
"Problem
 Determination","সমস্যা
 সংকল্প"
Problem diagnosis,সমস্যা নির্ণয়
Problem file,সমস্যা ফাইল
"Problem input
 Tape","সমস্যা ইনপুট
 টেপ"
"Problem oriented
 Language","সমস্যা ভিত্তিক
 ভাষা"
Problem program,সমস্যা প্রোগ্রাম
Problem state,সমস্যা অবস্থা
Problem time,সমস্যা সময়
"Procedural
 Abstraction","পদ্ধতিগত
 বিমূর্ততা"
"Procedural
 Language","পদ্ধতিগত
 ভাষা"
"Procedural
 Statement","পদ্ধতিগত
 বিবৃতি"
"Procedure
 Argument","পদ্ধতি
 যুক্তি"
Procedure division,পদ্ধতি বিভাগ
Procedure library,পদ্ধতি গ্রন্থাগার
Procedure name,পদ্ধতির নাম
"Procedure
 Oriented
 Language","পদ্ধতি
 ভিত্তিক
 ভাষা"
"Procedure
 Reference","পদ্ধতি
 রেফারেন্স"
"Procedure
 Statement","পদ্ধতি
 বিবৃতি"
"Procedure
 Subprogram","পদ্ধতি
 সাবপ্রগ্রাম"
Process chart,প্রক্রিয়া চার্ট
Process check,প্রক্রিয়া চেক
Process control,নিয়ন্ত্রণ প্রক্রিয়া
"Process control
 System","নিয়ন্ত্রণ প্রক্রিয়া
 পদ্ধতি"
Process descripter,প্রক্রিয়া বর্ণনাকারী
Process exception,প্রক্রিয়া ব্যতিক্রম
Processing,প্রক্রিয়াজাতকরণ
"Processing
 Capacity","প্রক্রিয়াজাতকরণ
 ক্ষমতা"
"Processing
 Multithread","প্রক্রিয়াজাতকরণ
 মাল্টি থ্রেড"
Processing system,প্রসেসিং সিস্টেম
Processing unit,প্রসেসিং ইউনিট
"Process interrupt
 Card","প্রক্রিয়া বাধা
 কার্ড"
"Process
 Management","প্রক্রিয়া
 পরিচালনা"
"Process
 Optimization","প্রক্রিয়া
 অপ্টিমাইজেশন"
Processor,প্রসেসর
"Processor
 Allocation","প্রসেসর
 বরাদ্দ"
"Processor basic
 Instruction","প্রসেসর বেসিক
 নির্দেশ"
Processor bound,প্রসেসর আবদ্ধ
"Processor error
 Interrupt","প্রসেসর ত্রুটি
 বাধা"
"Processor front
 End","প্রসেসর ফ্রন্ট
 শেষ"
"Processor
 Interface","প্রসেসর
 ইন্টারফেস"
"Processor
 Organisation","প্রসেসর
 সংগঠন"
"Processor status
 Word","প্রসেসরের স্থিতি
 শব্দ"
Processor storage,প্রসেসর স্টোরেজ
Processor time,প্রসেসরের সময়
Product area,পণ্য অঞ্চল
"Product group
 (= Direct
 Product)","পণ্য গ্রুপ
 (= সরাসরি
 পণ্য)"
Production control,উত্পাদন নিয়ন্ত্রণ
Production routine,উত্পাদন রুটিন
"Production rule
 System","উত্পাদন নিয়ম
 পদ্ধতি"
Production run,উৎপাদন চালু
Production time,উৎপাদন সময়
Productive task,উত্পাদনশীল কাজ
Productive time,উত্পাদনশীল সময়
Program,কার্যক্রম
Program access,প্রোগ্রাম অ্যাক্সেস
"Program address
 Counter","প্রোগ্রাম ঠিকানা
 কাউন্টার"
Programatics,প্রোগ্রাম্যাটিক্স
Program block,প্রোগ্রাম ব্লক
"Program break
 Point","প্রোগ্রাম বিরতি
 পয়েন্ট"
Program card,প্রোগ্রাম কার্ড
Program chaining,প্রোগ্রাম চেইনিং
Program check,প্রোগ্রাম চেক
"Program check
 Interruption","প্রোগ্রাম চেক
 বাধা"
Program checkout,প্রোগ্রাম চেকআউট
"Program
 Compatibility","কার্যক্রম
 সামঞ্জস্যতা"
"Program
 Compilation","কার্যক্রম
 সংকলন"
"Program
 Completion","কার্যক্রম
 সমাপ্তি"
Program control,প্রোগ্রাম নিয়ন্ত্রণ
"Program control
 Data","প্রোগ্রাম নিয়ন্ত্রণ
 ডেটা"
"Program
 Controller","কার্যক্রম
 নিয়ামক"
"Program control
 Unit","প্রোগ্রাম নিয়ন্ত্রণ
 ইউনিট"
"Program
 Correctness proof","কার্যক্রম
 নির্ভুলতা প্রমাণ"
Program counter,প্রোগ্রাম কাউন্টার
"Program
 Crash","কার্যক্রম
 ক্র্যাশ"
Program data set,প্রোগ্রাম ডেটা সেট
"Program
 Debugging","কার্যক্রম
 ডিবাগিং"
"Program 
Decomposition","কার্যক্রম
পচন"
Program design,প্রোগ্রাম ডিজাইন
"Program design
 Language","প্রোগ্রাম ডিজাইন
 ভাষা"
"Program
 Development
 System","কার্যক্রম
 উন্নয়ন
 পদ্ধতি"
"Program
 Documentation","কার্যক্রম
 ডকুমেন্টেশন"
Program drum,প্রোগ্রাম ড্রাম
Program error,প্রোগ্রাম ত্রুটি
"Program event
 Recording","প্রোগ্রাম ইভেন্ট
 রেকর্ডিং"
Program exception,প্রোগ্রাম ব্যতিক্রম
Program execution,প্রোগ্রাম এক্সিকিউশন
"Program execution
 Time","প্রোগ্রাম এক্সিকিউশন
 সময়"
"Program fetch
 Time","প্রোগ্রাম আনতে
 সময়"
Program file,কার্যক্রম ফাইল
Program flowchart,প্রোগ্রাম ফ্লোচার্ট
"Program function
 Key","প্রোগ্রাম ফাংশন
 চাবি"
"Program
 Generated
 Parameter","কার্যক্রম
 উত্পন্ন
 প্যারামিটার"
Program generator,প্রোগ্রাম জেনারেটর
Program halt,প্রোগ্রাম হাল্ট
"Program
 Independent
 Modularity","কার্যক্রম
 স্বতন্ত্র
 মডুলারিটি"
"Program
 Instruction","কার্যক্রম
 নির্দেশ"
"Program
 Interruption","কার্যক্রম
 বাধা"
Program level,প্রোগ্রাম স্তর
Program library,প্রোগ্রাম লাইব্রেরি
Program line,প্রোগ্রাম লাইন
Program linking,প্রোগ্রাম লিঙ্কিং
Program listing,প্রোগ্রাম তালিকা
Program loader,প্রোগ্রাম লোডার
"Program loading
 Routine","প্রোগ্রাম লোড হচ্ছে
 রুটিন"
Program location,প্রোগ্রামের অবস্থান
"Program logic
 Array","প্রোগ্রাম যুক্তি
 অ্যারে"
"Programmable
 Data control unit","প্রোগ্রামযোগ্য
 ডেটা নিয়ন্ত্রণ ইউনিট"
"Programmable
 Device","প্রোগ্রামযোগ্য
 যন্ত্র"
"Programmable
 Function key","প্রোগ্রামযোগ্য
 ফাংশন কী"
"Programmable
 Input output
 Device","প্রোগ্রামযোগ্য
 ইনপুট আউটপুট
 যন্ত্র"
"Programmable
 Logic array","প্রোগ্রামযোগ্য
 যুক্তি অ্যারে"
"Programmable
 Maintenance","প্রোগ্রামযোগ্য
 রক্ষণাবেক্ষণ"
"Programmable
 Peripherel
 Interface","প্রোগ্রামযোগ্য
 পেরিফেরেল
 ইন্টারফেস"
"Programmable
 Read only
 Memory","প্রোগ্রামযোগ্য
 শুধুমাত্র পাঠযোগ্য
 স্মৃতি"
"Programmable
 Remote display
 Terminal","প্রোগ্রামযোগ্য
 রিমোট ডিসপ্লে
 টার্মিনাল"
"Programmable
 Storage","প্রোগ্রামযোগ্য
 স্টোরেজ"
"Programmable
 Terminal","প্রোগ্রামযোগ্য
 টার্মিনাল"
"Programmed
 Check","প্রোগ্রামড
 পরীক্ষা করুন"
"Programmed
 Computer","প্রোগ্রামড
 কম্পিউটার"
"Programmed
 Dump","প্রোগ্রামড
 ডাম্প"
"Programmed
 Instruction","প্রোগ্রামড
 নির্দেশ"
Programmed logic,প্রোগ্রামযুক্ত যুক্তি
"Programmed logic
 Array","প্রোগ্রামযুক্ত যুক্তি
 অ্যারে"
"Programmed
 Operator system","প্রোগ্রামড
 অপারেটর সিস্টেম"
Programmer,প্রোগ্রামার
Programmer unit,প্রোগ্রামার ইউনিট
Programming,প্রোগ্রামিং
"Programming
 Compatibility","প্রোগ্রামিং
 সামঞ্জস্যতা"
"Programming
 Environment","প্রোগ্রামিং
 পরিবেশ"
"Programming
 Flowchart","প্রোগ্রামিং
 ফ্লোচার্ট"
"Programming flow
 Diagram","প্রোগ্রামিং প্রবাহ
 চিত্র"
"Programming
 Language","প্রোগ্রামিং
 ভাষা"
"Programming
 Module","প্রোগ্রামিং
 মডিউল"
"Programming
 Statement","প্রোগ্রামিং
 বিবৃতি"
"Programming
 Support
 Environment","প্রোগ্রামিং
 সমর্থন
 পরিবেশ"
"Programming
 System","প্রোগ্রামিং
 পদ্ধতি"
"Programming
 Theory","প্রোগ্রামিং
 তত্ত্ব"
Program mode,প্রোগ্রাম মোড
"Program
 Modification","কার্যক্রম
 পরিবর্তন"
Program module,প্রোগ্রাম মডিউল
Program origin,প্রোগ্রামের উত্স
Program package,প্রোগ্রাম প্যাকেজ
"Program 
 Parameter","কার্যক্রম
 প্যারামিটার"
Program postedit,প্রোগ্রাম পোস্ট
"Program
 Preparation","কার্যক্রম
 প্রস্তুতি"
Program read-in,প্রোগ্রাম রিড-ইন
Program register,প্রোগ্রাম রেজিস্টার
"Program
 Relocation","কার্যক্রম
 স্থানান্তর"
Program run,প্রোগ্রাম রান
Program scheduler,প্রোগ্রাম শিডিয়ুলার
Program segment,প্রোগ্রাম বিভাগ
"Program
 Segmenting","কার্যক্রম
 বিভাগ"
Program selection,প্রোগ্রাম নির্বাচন
Program selector,প্রোগ্রাম নির্বাচক
"Program sensitive
 Fault","প্রোগ্রাম সংবেদনশীল
 দোষ"
"Program sensitive
 Malfunction","প্রোগ্রাম সংবেদনশীল
 ত্রুটি"
"Program
 Specification","কার্যক্রম
 স্পেসিফিকেশন"
"Program
 Statement","কার্যক্রম
 বিবৃতি"
Program step,প্রোগ্রাম পদক্ষেপ
Program stop,প্রোগ্রাম স্টপ
Program storage,প্রোগ্রাম স্টোরেজ
Program structure,প্রোগ্রাম কাঠামো
Program switch,প্রোগ্রাম সুইচ
Program testing,প্রোগ্রাম পরীক্ষা
"Program testing
 Time","প্রোগ্রাম পরীক্ষা
 সময়"
Program tracing,প্রোগ্রাম ট্রেসিং
"Program
 Transformation","কার্যক্রম
 রূপান্তর"
"Program
 Translation","কার্যক্রম
 অনুবাদ"
Program unit,প্রোগ্রাম ইউনিট
"Program
 Verification","কার্যক্রম
 প্রতিপাদন"
Progressive carry,প্রগতিশীল বহন
"Progressive
 Overflow","প্রগতিশীল
 ওভারফ্লো"
"Projection
 Function","অভিক্ষেপ
 ফাংশন"
Prompt,শীঘ্র
Prompt facility,প্রম্পট সুবিধা
Proof list,প্রমাণ তালিকা
Propagated error,প্রচারিত ত্রুটি
Propagating error,প্রচার ত্রুটি
"Propagation
 Constant","প্রচার
 ধ্রুবক"
Propagation delay,প্রসারণ বিলম্ব
Propagation loss,প্রচার ক্ষতি
Proper ancestor,যথাযথ পূর্বপুরুষ
Proper subgraph,যথাযথ সাবগ্রাফ
Property detecter,সম্পত্তি সনাক্তকারী
"Proportion at
 Spacing","অনুপাত
 ব্যবধান"
"Propositional
 Calculus","প্রস্তাবনা
 ক্যালকুলাস"
Proprietary software,মালিকানা সফটওয়্যার
Proprietary program,মালিকানাধীন প্রোগ্রাম
Protected field,সুরক্ষিত ক্ষেত্র
Protected file,সুরক্ষিত ফাইল
Protected location,সুরক্ষিত অবস্থান
Protected memory,সুরক্ষিত স্মৃতি
Protection channel,সুরক্ষা চ্যানেল
Protection domain,সুরক্ষা ডোমেন
Protection key,সুরক্ষা কী
"Protection
 Mechanism","সুরক্ষা
 পদ্ধতি"
Protection span,সুরক্ষা স্প্যান
Protector frame,প্রটেক্টর ফ্রেম
Protocol,প্রোটোকল
Protocol converter,প্রোটোকল রূপান্তরকারী
Protocol hierarchy,প্রোটোকল হায়ারার্কি
"Protocol
 Translation","প্রোটোকল
 অনুবাদ"
Prototype program,প্রোটোটাইপ প্রোগ্রাম
"Prototype
 Statement","প্রোটোটাইপ
 বিবৃতি"
Proving,প্রমাণ করা
Proving time,সময় প্রমাণ করা
"Pseudoapplication
 Program","সিউডোঅ্যাপ্লিকেশন
 কার্যক্রম"
Pseudoclock,সিউডোকলক
Pseudo code,সুডোকোড
Pseudocursor,সিউডোকার্সার
Pseudofile address,সিউডোফাইল ঠিকানা
Pseudo-instruction,সিউডো-ইনস্ট্রাকশন
Pseudo language,সিউডো ভাষা
"Pseudo-noise
 Sequence","সিউডো-শয়েজ
 ক্রম"
Pseudo opcode,সিউডো অপকোড
Pseudo operation,সিউডো অপারেশন
Pseudo random,সিউডো এলোমেলো
"Pseudo random
 Number","সিউডো এলোমেলো
 সংখ্যা"
Pseudo variable,সিউডো ভেরিয়েবল
"Publication
 Language","প্রকাশনা
 ভাষা"
"Public data
 Network","পাবলিক ডেটা
 অন্তর্জাল"
Public key system,পাবলিক কী সিস্টেম
"Public message
 Service","সর্বজনীন বার্তা
 পরিষেবা"
Public network,পাবলিক নেটওয়ার্ক
"Public packet
 Network","পাবলিক প্যাকেট
 অন্তর্জাল"
Pull down register,রেজিস্টার টানুন
Pull up register,রেজিস্টার টানুন
Pulse,স্পন্দন
Pulse amplitude,নাড়ি প্রশস্ততা
"Pulse amplitude
 Modulation","নাড়ি প্রশস্ততা
 মড্যুলেশন"
Pulse code,নাড়ি কোড
Pulse duration,নাড়ি সময়কাল
Pulse generation,পালস জেনারেশন
Pulse generator,নাড়ি জেনারেটর
Pulse height,নাড়ি উচ্চতা
Pulser,পালসার
Pulse rate,নাড়ি হার
Pulse regeneration,নাড়ি পুনর্জন্ম
"Pulse repetition
 Frequency","নাড়ি পুনরাবৃত্তি
 ফ্রিকোয়েন্সি"
"Pulse repetition
 Rate","নাড়ি পুনরাবৃত্তি
 রেট"
Pulse shaping,নাড়ি শেপিং
Pulse stretcher,নাড়ি স্ট্রেচার
Pulse string,নাড়ি স্ট্রিং
Pulse train,নাড়ি ট্রেন
"Pulse-triggered
 Flip-flop","নাড়ি-ট্রিগার
 ফ্লিপ-ফ্লপ"
Pulse width,নাড়ির প্রস্থ
Pumping lemma,পাম্পিং লেমা
Punch,পাঞ্চ
Punch card,পাঞ্চ কার্ড
Punch column,পাঞ্চ কলাম
Punched card,পাঞ্চ কার্ড
"Punched card
 Reader","পাঞ্চ কার্ড
 পাঠক"
"Punched paper
 Tape","খোঁচা কাগজ
 টেপ"
Punched tape,ঘুষি টেপ
Punched tape code,টেপ কোড খোঁচা
"Punched tape
 Reader","ঘুষি টেপ
 পাঠক"
Punching position,পাঞ্চিং অবস্থান
Punching station,পাঞ্চিং স্টেশন
Punch path,পাঞ্চ পাথ
Punch position,পাঞ্চ অবস্থান
Punch row,পাঞ্চ সারি
Punch station,পাঞ্চ স্টেশন
Punch tape,পাঞ্চ টেপ
Punch tape code,পাঞ্চ টেপ কোড
Punctuation,বিরামচিহ্ন
"Punctuation
 Character","বিরামচিহ্ন
 চরিত্র"
"Punctuation
 Symbol","বিরামচিহ্ন
 প্রতীক"
"Pure binary
 Numeration
 Symbol","খাঁটি বাইনারি
 সংখ্যা
 প্রতীক"
"Pure
 Machine-aided
 Translation","খাঁটি
 মেশিন-এডেড
 অনুবাদ"
"Pure machine
 Translation","খাঁটি মেশিন
 অনুবাদ"
Push,ধাক্কা
Push-button dialing,পুশ-বোতাম ডায়ালিং
Push-down,নিচে ধাক্কা
"Push-down
 Automata","নিচে ধাক্কা
 অটোমেটা"
"Push-down
 Automation","নিচে ধাক্কা
 অটোমেশন"
Push-down list,পুশ-ডাউন তালিকা
Push-down queue,পুশ-ডাউন সারি
Push-down stack,পুশ-ডাউন স্ট্যাক
Push-down storage,পুশ-ডাউন স্টোরেজ
Push instruction,নির্দেশ নির্দেশ
"Push jump
 Instruction","জাম্প ধাক্কা
 নির্দেশ"
Push-up list,পুশ-আপ তালিকা
Push-up storage,পুশ-আপ স্টোরেজ
"Quad-bus
 Transceiver","কোয়াড-বাস
 ট্রান্সসিভার"
Quad density,কোয়াড ঘনত্ব
"Quadratic
 Programming","চতুর্ভুজ
 প্রোগ্রামিং"
Quadrature amplitude modulation,চতুর্ভুজ প্রশস্ততা মড্যুলেশন
Quadripuntal,চতুর্ভুজ
Quadruple,চতুর্ভুজ
"Quadruple-length
 Register
 (= Uadruple
 Register)","চতুর্ভুজ দৈর্ঘ্য
 নিবন্ধন
 (= Uadruple
 নিবন্ধন)"
Quadruple register,চতুর্ভুজ রেজিস্টার
Qualifier,যোগ্যতা
Quality assurance,গুণ নিশ্চিত করা
Quantification,পরিমাণ নির্ধারণ
Quantifier,কোয়ান্টিফায়ার
Quantization error,কোয়ান্টাইজেশন ত্রুটি
Quantization noise,কোয়ান্টাইজেশন শব্দ
"Quantization
 Uncertainty","কোয়ান্টাইজেশন
 অনিশ্চয়তা"
Quantize,কোয়ান্টাইজ
Quantizer,কোয়ান্টাইজার
Quantizer noise,কোয়ান্টাইজার শব্দ
Quantizing error,কোয়ান্টাইজিং ত্রুটি
Quantum clock,কোয়ান্টাম ঘড়ি
Quantum time,কোয়ান্টাম সময়
Quarter speed,কোয়ার্টার গতি
"Quarter-squares
 Multiplier","কোয়ার্টার-স্কোয়ারস
 গুণক"
Quartet,কোয়ার্টেট
Quartz delay line,কোয়ার্টজ বিলম্ব লাইন
"Quasi instruction
 (=Pseudo
 Instruction)","কোয়াসির নির্দেশনা
 (= সিউডো
 নির্দেশ)"
Quaternary logic,কোয়ার্টারি লজিক
"Quaternary
 Operator","কোয়ার্টারি
 অপারেটর"
Query,প্রশ্ন
Query language,ক্যোয়ারী ভাষা
Query processing,ক্যোয়ারী প্রসেসিং
Query station,ক্যোয়ারী স্টেশন
Queue,কিউ
Queue congestion,সারি যানজট
"Queue control
 Block","সারি নিয়ন্ত্রণ
 ব্লক"
"Queued access
 Method","সারি অ্যাক্সেস
 পদ্ধতি"
Queue data set,সারি ডেটা সেট
"Queued indexed
 Sequential
 Method","সারি সূচক
 অনুক্রমিক
 পদ্ধতি"
Queued telecommunication access method,কুইউড টেলিযোগাযোগ অ্যাক্সেস পদ্ধতি
Queue element,সারি উপাদান
Queue link word,সারি লিঙ্ক শব্দ
"Queue
 Management","কিউ
 পরিচালনা"
Queuing,সারি
Queuing analysis,সারি বিশ্লেষণ
Queuing list,সারি তালিকা
Queuing theory,সারি তত্ত্ব
Queuing time,কুইং সময়
"Quibinary code
 (= Biquinary
 Code)","কুইবিনারি কোড
 (= দ্বিপক্ষীয়
 কোড)"
"Quick-access
 Memory","দ্রুত প্রবেশ
 স্মৃতি"
Quick sort,দ্রুত বাছাই
Quick start,দ্রুত শুরু
Quiesce,নিস্তব্ধ
Quiescent,শান্ত
"Quiescent
 Condition","শান্ত
 শর্ত"
Quinary,কুইনারি
Quinary system,কুইনারি সিস্টেম
Quintet,পঞ্চম
Rack,র্যাক
Racking,র‌্যাকিং
Radial transfer,রেডিয়াল ট্রান্সফার
"Radio common
 Carrier","রেডিও সাধারণ
 ক্যারিয়ার"
Radio relay system,রেডিও রিলে সিস্টেম
"Radio
 Teletypewriter","রেডিও
 টেলিটাইপ রাইটার"
Radix,রেডিক্স
Radix complement,রেডিক্স পরিপূরক
Radix exchange,রেডিক্স এক্সচেঞ্জ
"Radix-minus-one
 Complement
 (= Diminished
 Radix
 Complement)","রেডিক্স-মিনাস-ওয়ান
 পরিপূরক
 (= হ্রাস
 রেডিক্স
 পরিপূরক)"
Radix notation,রেডিক্স স্বরলিপি
"Radix numeration
 System","রেডিক্স সংখ্যা
 পদ্ধতি"
Radix point,রেডিক্স পয়েন্ট
Radix sorting,রেডিক্স বাছাই
Ragged array,র‌্যাগড অ্যারে
RAM dump,রাম ডাম্প
RAM loader,র‌্যাম লোডার
RAM mail box,র‌্যাম মেল বক্স
"RAM (Randum
 Access memory)","র‌্যাম (র্যান্ডাম
 অ্যাক্সেস মেমরি)"
RAM refresh,র‌্যাম রিফ্রেশ
Random access,এলোমেলো প্রবেশাধিকার
"Random access
 Device","এলোমেলো প্রবেশাধিকার
 যন্ত্র"
"Random access
 Input-output","এলোমেলো প্রবেশাধিকার
 ইনপুট আউটপুট"
"Random access
 Memory","এলোমেলো প্রবেশাধিকার
 স্মৃতি"
"Random access
 Method","এলোমেলো প্রবেশাধিকার
 পদ্ধতি"
"Random access
 Programming","এলোমেলো প্রবেশাধিকার
 প্রোগ্রামিং"
"Random access
 Sort","এলোমেলো প্রবেশাধিকার
 সাজান"
"Random access
 Storage","এলোমেলো প্রবেশাধিকার
 স্টোরেজ"
"Random access
 System","এলোমেলো প্রবেশাধিকার
 পদ্ধতি"
Random algorithm,এলোমেলো অ্যালগরিদম
Random data set,এলোমেলো ডেটা সেট
"Random key-to
 Address
 Transformation","এলোমেলো কী-টু
 ঠিকানা
 রূপান্তর"
Random logic,এলোমেলো যুক্তি
Random noise,এলোমেলো শব্দ
Random number,এলোমেলো নম্বর
"Random number
 Generator","এলোমেলো নম্বর
 জেনারেটর"
"Random number
 Sequence","এলোমেলো নম্বর
 ক্রম"
"Random number
 Series","এলোমেলো নম্বর
 সিরিজ"
Random processing,এলোমেলো প্রক্রিয়াজাতকরণ
Random scan,এলোমেলো স্ক্যান
Random sequence,এলোমেলো ক্রম
Range,পরিসীমা
Range check,রেঞ্জ চেক
Range finder,রেঞ্জ ফাইন্ডার
"Rank correlation
 Coefficient","র‌্যাঙ্ক পারস্পরিক সম্পর্ক
 গুণাঙ্ক"
Rapid access,দ্রুত অ্যাক্সেস
Rapid access loop,দ্রুত অ্যাক্সেস লুপ
"Rapid access
 Memory","দ্রুত অ্যাক্সেস
 স্মৃতি"
Raster,রাস্টার
Raster count,রাস্টার গণনা
"Raster display
 Service","রাস্টার ডিসপ্লে
 পরিষেবা"
Raster graphics,রাস্টার গ্রাফিক্স
Raster grid,রাস্টার গ্রিড
"Raster-mode
 Graphic display","রাস্টার-মোড
 গ্রাফিক প্রদর্শন"
Raster plotter,রাস্টার চক্রান্তকারী
Raster scan,রাস্টার স্ক্যান
Raster unit,রাস্টার ইউনিট
"Rate and route
 Operator","রেট এবং রুট
 অপারেটর"
Rate centre,রেট সেন্টার
Rate pulse,রেট ডাল
Ratio control,অনুপাত নিয়ন্ত্রণ
Rational language,যুক্তিযুক্ত ভাষা
Raw data,মূল তথ্য
Reachability,পুনঃস্থাপনযোগ্যতা
Reachability matrix,পুনঃব্যবহারযোগ্য ম্যাট্রিক্স
Read,পড়ুন
Read amplifier,পরিবর্ধক পড়ুন
"Read and restore
 Cycle","পড়ুন এবং পুনরুদ্ধার করুন
 সাইকেল"
Read back and print out,ফিরে পড়ুন এবং মুদ্রণ আউট
Read back check,ফিরে চেক পড়ুন
Read control line,নিয়ন্ত্রণ লাইন পড়ুন
Read cycle time,চক্র সময় পড়ুন
Reader,পাঠক
Reader-copier,পাঠক-কপিয়ার
Reader interpreter,পাঠক দোভাষী
Reader printer,পাঠক প্রিন্টার
Read error,ত্রুটি পড়া
Reader sorter,পাঠক সোর্টার
Read head,মাথা পড়ুন
Reading,পড়া
"Reading access
 Time","অ্যাক্সেস পড়া
 সময়"
"Reading head
 (= Head)","মাথা পড়া
 (= মাথা)"
Read instruction,নির্দেশ পড়ুন
Read-only,শুধুমাত্র পাঠযোগ্য
"Read-only memory
 (ROM)","শুধুমাত্র স্মৃতি পড়া
 (রোম)"
Read only storage,শুধুমাত্র স্টোরেজ পড়ুন
Read out,উচ্চারণ করা
Readout device,রিডআউট ডিভাইস
Read path,পথ পড়ুন
Read process-write,প্রক্রিয়া-লেখা পড়ুন
Read protection,সুরক্ষা পড়ুন
Read rate,হার পড়ুন
Read release,রিলিজ পড়ুন
Read reverse,বিপরীত পড়ুন
Read scatter,স্ক্র্যাটার পড়ুন
Read screen,স্ক্রিন পড়ুন
Read station,স্টেশন পড়ুন
Read time,সময় পড়ুন
Read time clock,সময় ঘড়ি পড়ুন
"Read time
 Language","সময় পড়ুন
 ভাষা"
Read while writing,লেখার সময় পড়ুন
"Read/write
 Channel","পড়ুন/লিখুন
 চ্যানেল"
"Read/write check
 Indicater","চেক পড়ুন/লিখুন
 সূচক"
Read/write cycle,চক্রটি পড়ুন/লিখুন
Read/write line,লাইন পড়ুন/লিখুন
Read/write storage,স্টোরেজ পড়ুন/লিখুন
"Ready access
 Terminal","প্রস্তুত অ্যাক্সেস
 টার্মিনাল"
Ready condition,প্রস্তুত শর্ত
Ready light,প্রস্তুত আলো
Ready state,প্রস্তুত রাষ্ট্র
Ready status word,প্রস্তুত স্থিতি শব্দ
Real address,বাস্তব ঠিকানা
Real constant,বাস্তব ধ্রুবক
Realm,রাজত্ব
Real storage,রিয়েল স্টোরেজ
"Real storage
 Management","রিয়েল স্টোরেজ
 পরিচালনা"
Real time,প্রকৃত সময়
Real time channel,রিয়েল টাইম চ্যানেল
"Real time clock
 Module","রিয়েল টাইম ক্লক
 মডিউল"
Real time control,রিয়েল টাইম কন্ট্রোল
Real time input,রিয়েল টাইম ইনপুট
"Real time
 Operation","প্রকৃত সময়
 অপারেশন"
Real time output,রিয়েল টাইম আউটপুট
"Real time
 Processing","প্রকৃত সময়
 প্রক্রিয়াজাতকরণ"
"Real time satellite
 Computer","রিয়েল টাইম স্যাটেলাইট
 কম্পিউটার"
"Real time
 Simulation","প্রকৃত সময়
 সিমুলেশন"
Real time working,রিয়েল টাইম ওয়ার্কিং
Recall ratio,রিক্যাল অনুপাত
Recall signal,পুনরুদ্ধার সংকেত
"Receive
 Interruption","গ্রহণ
 বাধা"
Receive leg,পা গ্রহণ
Receive only,শুধুমাত্র গ্রহণ
Receiver,রিসিভার
Receiver isolation,রিসিভার বিচ্ছিন্নতা
Receiver signal,রিসিভার সিগন্যাল
Receiving margin,মার্জিন গ্রহণ
"Receiving
 Perforator","প্রাপ্তি
 ছিদ্রকারী"
Recirculating loop,রিসার্কুলেটিং লুপ
"Recognition
 Accuracy","স্বীকৃতি
 সঠিকতা"
"Recognition
 Character","স্বীকৃতি
 চরিত্র"
Recognition device,স্বীকৃতি ডিভাইস
Recognition logic,স্বীকৃতি যুক্তি
Recompile,পুনঃসংযোগ
Recomplementation,পুনর্বিবেচনা
Reconciliation,পুনর্মিলন
Reconfiguration,পুনর্গঠন
Reconstitution,পুনর্গঠন
Reconstruction,পুনর্গঠন
Record blocking,রেকর্ড ব্লকিং
Record check time,রেকর্ড চেক সময়
"Record control
 Schedule","রেকর্ড নিয়ন্ত্রণ
 সময়সূচী"
Record count,রেকর্ড গণনা
Record description,রেকর্ড বিবরণ
Recorded text,রেকর্ড পাঠ্য
Record format,রেকর্ড ফর্ম্যাট
"Record format
 Descriptor","রেকর্ড ফর্ম্যাট
 বর্ণনাকারী"
Record gap,রেকর্ড ফাঁক
Record group,রেকর্ড গ্রুপ
Record head,রেকর্ড মাথা
Recording area,রেকর্ডিং অঞ্চল
Recording density,রেকর্ডিং ঘনত্ব
Recording head,রেকর্ডিং মাথা
Recording medium,রেকর্ডিং মাধ্যম
Recording mode,রেকর্ডিং মোড
Recording trunk,রেকর্ডিং ট্রাঙ্ক
Record key,রেকর্ড কী
Record layout,রেকর্ড লেআউট
Record length,রেকর্ড দৈর্ঘ্য
Record mark,রেকর্ড চিহ্ন
Record medium,রেকর্ড মাধ্যম
Record name,রেকর্ড নাম
Record number,রেকর্ড সংখ্যা
Record ready,রেকর্ড প্রস্তুত
"Record separator
 Character","রেকর্ড বিভাজক
 চরিত্র"
Record sheet,রেকর্ড শীট
Record sorting,রেকর্ড বাছাই
"Record storage
 Mark","রেকর্ড স্টোরেজ
 চিহ্ন"
Record strip,রেকর্ড স্ট্রিপ
Record type,রেকর্ড টাইপ
Recoverable error,পুনরুদ্ধারযোগ্য ত্রুটি
"Recovery
 Management
 Support","পুনরুদ্ধার
 পরিচালনা
 সমর্থন"
Recovery produre,পুনরুদ্ধার প্রোডার
Recovery routine,পুনরুদ্ধার রুটিন
Recovery system,পুনরুদ্ধার সিস্টেম
Recurrence,পুনরাবৃত্তি
Recursion,পুনরাবৃত্তি
Recursion theorem,পুনরাবৃত্তি উপপাদ্য
"Recursive descent
 Parsing","পুনরাবৃত্ত বংশোদ্ভূত
 পার্সিং"
Recursive function,পুনরাবৃত্ত ফাংশন
Recursive list,পুনরাবৃত্ত তালিকা
"Recursively defined
 Sequence","পুনরাবৃত্তভাবে সংজ্ঞায়িত
 ক্রম"
"Recursively
 Enumerable set","পুনরাবৃত্তভাবে
 গণনীয় সেট"
Recursive process,পুনরাবৃত্ত প্রক্রিয়া
Recursive relation,পুনরাবৃত্ত সম্পর্ক
Recursive routine,পুনরাবৃত্ত রুটিন
Recursive set,পুনরাবৃত্ত সেট
Redact,Redact
Redaction,Redaction
Reduction machine,হ্রাস মেশিন
Redundancy,অপ্রয়োজনীয়তা
Redundancy check,অপ্রয়োজনীয় চেক
"Redundancy check
 Bit","অপ্রয়োজনীয় চেক
 বিট"
"Redundancy check
 Character","অপ্রয়োজনীয় চেক
 চরিত্র"
"Redundancy of 
 Data","অপ্রয়োজনীয়তা
 ডেটা"
"Redundant
 Character","অপ্রয়োজনীয়
 চরিত্র"
Redundant code,অপ্রয়োজনীয় কোড
Reenlargement,পুনর্নির্মাণ
"Reenterable load
 Module","ভাড়াযোগ্য লোড
 মডিউল"
"Reenterable
 Program","ফেরতযোগ্য
 কার্যক্রম"
"Reenterable
 Routine","ফেরতযোগ্য
 রুটিন"
"Reenterable
 Subroutine","ফেরতযোগ্য
 Subroutine"
Re-entrant,পুনরায় প্রবেশ
Reentrant code,রেন্ট্র্যান্ট কোড
"Re-entrant
 Program","পুনরায় প্রবেশ
 কার্যক্রম"
Reentrant routine,রুটিন রুটিন
"Reentrant
 Subroutine","পুনর্নির্মাণ
 Subroutine"
Reentry point,পুনরায় পয়েন্ট
Reentry system,রেন্ট্রি সিস্টেম
Reference,রেফারেন্স
Reference address,রেফারেন্স ঠিকানা
Reference clock,রেফারেন্স ক্লক
Reference edge,রেফারেন্স প্রান্ত
Reference file,রেফারেন্স ফাইল
"Reference input
 Signal","রেফারেন্স ইনপুট
 সংকেত"
"Reference
 Instruction","রেফারেন্স
 নির্দেশ"
"Reference
 Language","রেফারেন্স
 ভাষা"
Reference level,রেফারেন্স স্তর
Reference list,পরিচিতির তালিকা
Reference noise,রেফারেন্স শব্দ
Reference record,রেফারেন্স রেকর্ড
Reference time,রেফারেন্স সময়
Reference volume,রেফারেন্স ভলিউম
Refile,রিফিল
Reflectance,প্রতিবিম্ব
Reflectance ratio,প্রতিবিম্ব অনুপাত
"Reflected binary
 Code","বাইনারি প্রতিফলিত
 কোড"
Reflective scan,প্রতিফলিত স্ক্যান
Reflexive closure,রিফ্লেক্সিভ ক্লোজার
Reflexive relation,প্রতিচ্ছবি সম্পর্ক
Reformat,পুনরায় ফর্ম্যাট
Refresh,রিফ্রেশ
"Regenerative
 Feedback","পুনর্জন্মমূলক
 প্রতিক্রিয়া"
"Regenerative
 Memory","পুনর্জন্মমূলক
 স্মৃতি"
Regenerative read,পুনর্জন্মমূলক পড়া
"Regenerative
 Reading","পুনর্জন্মমূলক
 পড়া"
"Regenerative
 Repeater","পুনর্জন্মমূলক
 রিপিটার"
Regenerative track,পুনর্জন্ম ট্র্যাক
"Regenerator
 Section","পুনর্জন্মক
 অধ্যায়"
Regeneration,পুনর্জন্ম
Regional address,আঞ্চলিক ঠিকানা
Regional centre,আঞ্চলিক কেন্দ্র
"Regional computer
 Network","আঞ্চলিক কম্পিউটার
 অন্তর্জাল"
Register,নিবন্ধন
"Register address
 Field","ঠিকানা নিবন্ধ
 ক্ষেত্র"
Register capacity,ক্ষমতা নিবন্ধন
Register file,ফাইল নিবন্ধন করুন
"Register input
 Buffer","ইনপুট নিবন্ধন করুন
 বাফার"
Register length,দৈর্ঘ্য নিবন্ধ
"Register
 Optimization","নিবন্ধন
 অপ্টিমাইজেশন"
Register pointer,পয়েন্টার নিবন্ধন করুন
Register select,নিবন্ধন করুন
"Register transfer
 Language","রেজিস্টার ট্রান্সফার
 ভাষা"
"Registration
 Program","নিবন্ধকরণ
 কার্যক্রম"
"Regular event
 (= Regular
 Language)","নিয়মিত ইভেন্ট
 (= নিয়মিত
 ভাষা)"
Regular expression,নিয়মিত অভিব্যক্তি
Regular grammar,নিয়মিত ব্যাকরণ
Regular language,নিয়মিত ভাষা
Regular operation,নিয়মিত অপারেশন
Regular operator,নিয়মিত অপারেটর
"Relational data
 Base","সম্পর্কিত ডেটা
 বেস"
"Relational
 Expression","সম্পর্কিত
 অভিব্যক্তি"
Relational operator,রিলেশনাল অপারেটর
Relation character,সম্পর্ক চরিত্র
Relation condition,সম্পর্কের শর্ত
Relative address,আপেক্ষিক ঠিকানা
Relative addressing,আপেক্ষিক ঠিকানা
"Relative block
 Number","আপেক্ষিক ব্লক
 সংখ্যা"
Relative code,আপেক্ষিক কোড
Relative coding,আপেক্ষিক কোডিং
Relative command,আপেক্ষিক কমান্ড
Relatively prime,তুলনামূলকভাবে প্রধান
Relative product,আপেক্ষিক পণ্য
Relay,রিলে
Release,মুক্তি
Reliability,নির্ভরযোগ্যতা
"Relocatable
 Program","স্থান পরিবর্তনযোগ্য
 কার্যক্রম"
Relocating loader,লোডার স্থানান্তর
"Remedial
 Maintenance","প্রতিকার
 রক্ষণাবেক্ষণ"
Remote,দূরবর্তী
Remote access,দূরবর্তী প্রবেশাধিকার
"Remote access data
 Processing","দূরবর্তী অ্যাক্সেস ডেটা
 প্রক্রিয়াজাতকরণ"
Remote batch,রিমোট ব্যাচ
"Remote batch
 Entry","রিমোট ব্যাচ
 প্রবেশ"
"Remote batch
 Processing","রিমোট ব্যাচ
 প্রক্রিয়াজাতকরণ"
"Remote batch
 Terminal","রিমোট ব্যাচ
 টার্মিনাল"
"Remote call
 Forwarding","রিমোট কল
 ফরোয়ার্ডিং"
"Remote
 Concentrator","দূরবর্তী
 ঘনীভূত"
Remote console,রিমোট কনসোল
Remote control,দূরবর্তী নিয়ন্ত্রণ
"Remote data
 Concentration","দূরবর্তী ডেটা
 একাগ্রতা"
"Remote format
 Item","দূরবর্তী ফর্ম্যাট
 আইটেম"
Remote host,দূরবর্তী হোস্ট
Remote job entry,রিমোট জব এন্ট্রি
"Remote loop
 Adapter","রিমোট লুপ
 অ্যাডাপ্টার"
"Remote message
 Processing","দূরবর্তী বার্তা
 প্রক্রিয়াজাতকরণ"
Remote order wire,রিমোট অর্ডার ওয়্যার
Remote power off,দূরবর্তী শক্তি বন্ধ
Remote printing,রিমোট প্রিন্টিং
"Remote program
 Loader","রিমোট প্রোগ্রাম
 লোডার"
Remote sensing,রিমোট সেন্সিং
Remote station,রিমোট স্টেশন
Remote subset,রিমোট সাবসেট
Remote switch,রিমোট সুইচ
Remote terminal,দূরবর্তী টার্মিনাল
"Remote trunk
 Arrangement","দূরবর্তী ট্রাঙ্ক
 ব্যবস্থা"
Reorder,পুনরায় অর্ডার
Reorder tone,পুনরায় অর্ডার টোন
Repagination,পুনঃস্থাপন
Repair time,মেরামতের সময়
"Repeatability
 Measure","পুনরাবৃত্তিযোগ্যতা
 পরিমাপ করা"
Repeat action key,অ্যাকশন কী পুনরাবৃত্তি করুন
"Required hyphen
 Character","প্রয়োজনীয় হাইফেন
 চরিত্র"
"Required space
 Character","প্রয়োজনীয় স্থান
 চরিত্র"
"Requirements
 Analysis","প্রয়োজনীয়তা
 বিশ্লেষণ"
Rerun,পুনরায়
Rerun mode,পুনরায় মোড
Rerun point,পুনরায় পয়েন্ট
Rerun program,পুনরায় প্রোগ্রাম
Reserved word,সংরক্ষিত শব্দ
Reset,রিসেট
Reset cycle,পুনরায় সেট চক্র
Reset mode,রিসেট মোড
Reset pulse,পালস পুনরায় সেট করুন
Reset rate,রিসেট হার
Reset to zero,শূন্যে পুনরায় সেট করুন
Resident,বাসিন্দা
"Resident control
 Program","আবাসিক নিয়ন্ত্রণ
 কার্যক্রম"
"Resident
 Macroassembler","বাসিন্দা
 ম্যাক্রোসেম্বলার"
"Resident program
 Select list","আবাসিক প্রোগ্রাম
 তালিকা নির্বাচন করুন"
Resident program,আবাসিক প্রোগ্রাম
Residual error,অবশিষ্ট ত্রুটি
Residue arithmetic,অবশিষ্ট গাণিতিক
Residue check,অবশিষ্টাংশ চেক
Resisdent module,রেসিডেন্ট মডিউল
"Resistor transistor
 Logic","প্রতিরোধক ট্রানজিস্টর
 যুক্তি"
Resolution error,রেজোলিউশন ত্রুটি
Resolver,রেজোলভার
"Resource access
 Control facility","রিসোর্স অ্যাক্সেস
 নিয়ন্ত্রণ সুবিধা"
"Resource
 Allocation","সংস্থান
 বরাদ্দ"
"Resource
 Descriptor","সংস্থান
 বর্ণনাকারী"
"Resource
 Management","সংস্থান
 পরিচালনা"
Resource manager,রিসোর্স ম্যানেজার
Resource sharing,রিসোর্স শেয়ারিং
"Resource sharing
 Control","রিসোর্স শেয়ারিং
 নিয়ন্ত্রণ"
Response duration,প্রতিক্রিয়া সময়কাল
Response function,প্রতিক্রিয়া ফাংশন
Response time,প্রতিক্রিয়া সময়
Restart,আবার শুরু
Restart condition,শর্ত পুনরায় চালু করুন
Restart instruction,নির্দেশ পুনরায় চালু করুন
Restart point,পুনঃসূচনা পয়েন্ট
Restore,পুনরুদ্ধার
"Retention period
 Check","স্মৃতিশক্তি কাল
 পরীক্ষা করুন"
Retrofit,Retrofit
Retrofit testing,Retrofit পরীক্ষা
Retry,পুনরায় চেষ্টা করা
Return,প্রত্যাবর্তন
Return address,ফেরত ঠিকানা
Return channel,রিটার্ন চ্যানেল
Return character,রিটার্ন চরিত্র
Return code,রিটার্ন কোড
"Return code
 Register","রিটার্ন কোড
 নিবন্ধন"
Returned value,ফেরত মূল্য
Return instruction,রিটার্ন নির্দেশ
Return loss,ক্ষতি
Return period,রিটার্ন পিরিয়ড
"Return-to
 Reference
 Recording","ফেরত
 রেফারেন্স
 রেকর্ডিং"
"Return-to-zero
 Recording","রিটার্ন-টু-জিরো
 রেকর্ডিং"
Reusable program,পুনরায় ব্যবহারযোগ্য প্রোগ্রাম
Reusable resource,পুনরায় ব্যবহারযোগ্য সংস্থান
Reusable routine,পুনরায় ব্যবহারযোগ্য রুটিন
Reversal function,বিপরীত ফাংশন
Reverse break,বিপরীত বিরতি
Reverse capstan,বিপরীত ক্যাপস্তান
Reverse channel,বিপরীত চ্যানেল
"Reverse channel
 Capability","বিপরীত চ্যানেল
 ক্ষমতা"
Reverse clipping,বিপরীত ক্লিপিং
"Reverse code
 Dictionary","বিপরীত কোড
 অভিধান"
"Reverse direction
 Flow","উল্টো পথে
 প্রবাহ"
Reverse indexing,বিপরীত সূচক
"Reverse recovery
 Time","বিপরীত পুনরুদ্ধার
 সময়"
Reverse video,বিপরীত ভিডিও
Reversible counter,বিপরীতমুখী কাউন্টার
"Reversible
 Magnetic process","বিপরীতমুখী
 চৌম্বকীয় প্রক্রিয়া"
Reversible process,বিপরীত প্রক্রিয়া
Rewind key,রিওয়াইন্ড কী
Rewind time,সময় রিওয়াইন্ড
Rewrite,পুনর্লিখন
Right justify,ডান ন্যায়সঙ্গত
"Right linear
 Grammar","ডান লিনিয়ার
 ব্যাকরণ"
Right shift,ডান শিফট
Right subtree,ডান সাবট্রি
Ring,রিং
Ring back tone,রিং ব্যাক টোন
Ring conductor,রিং কন্ডাক্টর
Ring counter,রিং কাউন্টার
Ring down,রিং ডাউন
Ring network,রিং নেটওয়ার্ক
"Ring shift (= cyclic
 Shift)","রিং শিফট (= চক্রীয়)
 শিফট)"
Ring trip,রিং ট্রিপ
"Ripple carry adder
 (= Ripple adder)","রিপল বহন অ্যাডার
 (= রিপল অ্যাডার)"
Ripple counter,রিপল কাউন্টার
Rise time,সময় বৃদ্ধি
Risk assessment,ঝুকি মূল্যায়ন
Role indicator,ভূমিকা সূচক
Roll back,ফিরে রোল
Roll back routine,রুটিন ব্যাক রোল
Roll in,রোল ইন
Roll out,রোল আউট
Rotary dial,রোটারি ডায়াল
Rotate instruction,নির্দেশ ঘোরান
"Rotational position
 Sensing","ঘূর্ণন অবস্থান
 সেন্সিং"
"Rotational position
 Sensor","ঘূর্ণন অবস্থান
 সেন্সর"
Rounding error,গোলাকার ত্রুটি
Route segment,রুট বিভাগ
Routine,রুটিন
Routing,রাউটিং
Routing affinity,রাউটিং অ্যাফিনিটি
Routing code,রাউটিং কোড
Routing indicator,রাউটিং সূচক
Routing key,রাউটিং কী
Routing test,রাউটিং পরীক্ষা
Row binary,সারি বাইনারি
Row column,সারি কলাম
Row pitch,সারি পিচ
Row scanning,সারি স্ক্যানিং
Row vector,সারি ভেক্টর
Run,দৌড়
Run book,বই চালান
Run chart,চার্ট চালান
Run diagram,ডায়াগ্রাম চালান
Run duration,সময়কাল চালান
Run locator,লোকেটার চালান
Run mode,রান মোড
Running time,সময় চলমান
Run phase,রান ফেজ
Run schedule,সময়সূচী চালান
Run stream,স্ট্রিম চালান
"Run time
 (= Execution 
 Time)","সময় চালান
 (= সম্পাদন
 সময়)"
Run unit,রান ইউনিট
"Sampled data
 System","নমুনাযুক্ত ডেটা
 পদ্ধতি"
Sampling,নমুনা
SAM (sequential access method),স্যাম (সিক্যুয়াল অ্যাক্সেস পদ্ধতি)
Satellite computer,স্যাটেলাইট কম্পিউটার
Satellite processor,স্যাটেলাইট প্রসেসর
Satellite relay,স্যাটেলাইট রিলে
Satisfiability,সন্তুষ্টি
"Satisfiability
 Problem","সন্তুষ্টি
 সমস্যা"
Saturation,স্যাচুরেশন
Saturation noise,স্যাচুরেশন শব্দ
Saturation testing,স্যাচুরেশন টেস্টিং
Save area,অঞ্চল সংরক্ষণ করুন
Scalar,স্কেলার
Scalar item,স্কেলার আইটেম
Scalar variable,স্কেলার ভেরিয়েবল
Scalar factor,স্কেলার ফ্যাক্টর
Scaling,স্কেলিং
Scan,স্ক্যান
Scanner,স্ক্যানার
Scanning limit,স্ক্যানিং সীমা
Scanning machine,স্ক্যানিং মেশিন
Scanning method,স্ক্যানিং পদ্ধতি
Scanning rate,স্ক্যানিং হার
Scanning unit,স্ক্যানিং ইউনিট
Scan period,স্ক্যান পিরিয়ড
Scatter format,স্ক্র্যাটার ফর্ম্যাট
Scatter gap,স্ক্যাটার ফাঁক
Scatter loading,স্ক্যাটার লোড হচ্ছে
Scatter read,স্ক্র্যাটার পড়ুন
"Scheduled
 Downtime","তালিকাভুক্ত
 ডাউনটাইম"
"Scheduled
 Maintenance","তালিকাভুক্ত
 রক্ষণাবেক্ষণ"
"Scheduled
 Operation","তালিকাভুক্ত
 অপারেশন"
"Schedule job
 (= Scheduler)","কাজের সময়সূচী
 (= সময়সূচী)"
"Schedule
 Maintenance","সময়সূচী
 রক্ষণাবেক্ষণ"
"Scheduler
 (= Schedule job)","সময়সূচী
 (= তফসিল কাজ)"
"Scheduler work
 Area","সময়সূচী কাজ
 অঞ্চল"
"Scheduling
 Algorithm","সময়সূচী
 অ্যালগরিদম"
Scheduling theory,সময়সূচী তত্ত্ব
Schema,স্কিমা
Schmidt trigger,শ্মিড্ট ট্রিগার
"Schonhage
 Algorithm","শোনহেজ
 অ্যালগরিদম"
"Scientific
 Instruction set","বৈজ্ঞানিক
 নির্দেশনাবলী"
Scientific notation,বৈজ্ঞানিক স্বরলিপি
Scissoring,কাঁচি
Scored card,স্কোর কার্ড
Scrambler,স্ক্র্যামব্লার
Scratch,স্ক্র্যাচ
Scratch pad,স্ক্র্যাচ প্যাড
Scratch tape,স্ক্র্যাচ টেপ
Screen,পর্দা
"Screen attribute
 Byte","স্ক্রিন বৈশিষ্ট্য
 বাইট"
Screen editor,স্ক্রিন সম্পাদক
Screen generator,স্ক্রিন জেনারেটর
Screen load,স্ক্রিন লোড
"Screen oriented
 Program","স্ক্রিন ওরিয়েন্টেড
 কার্যক্রম"
Screen read,স্ক্রিন পড়া
Scroll,স্ক্রোল
"Search and 
 Insertion
 Algorithm","অনুসন্ধান এবং
 সন্নিবেশ
 অ্যালগরিদম"
Search cycle,অনুসন্ধান চক্র
Searching,অনুসন্ধান
Search key,অনুসন্ধান কী
Search language,অনুসন্ধান ভাষা
Search time,অনুসন্ধানের সময়
Search tree,অনুসন্ধান গাছ
Search word,শব্দ অনুসন্ধান
Secondary access,মাধ্যমিক অ্যাক্সেস
Secondary console,মাধ্যমিক কনসোল
"Secondary control
 Point","মাধ্যমিক নিয়ন্ত্রণ
 পয়েন্ট"
"Secondary
 Destination","মাধ্যমিক
 গন্তব্য"
"Secondary entry
 Point","মাধ্যমিক এন্ট্রি
 পয়েন্ট"
Secondary file,মাধ্যমিক ফাইল
Secondary key,মাধ্যমিক কী
"Secondary logical
 Unit key","মাধ্যমিক যৌক্তিক
 ইউনিট কী"
Secondary memory,মাধ্যমিক স্মৃতি
Secondary station,মাধ্যমিক স্টেশন
Secondary storage,মাধ্যমিক স্টোরেজ
Secondary store,মাধ্যমিক দোকান
"Second computer
 Age","দ্বিতীয় কম্পিউটার
 বয়স"
"Second generation
 Computer","দ্বিতীয় প্রজন্মের
 কম্পিউটার"
"Second level
 Addressing","দ্বিতীয় স্তর
 সম্বোধন"
Second source,দ্বিতীয় উৎস
Sectional centre,বিভাগীয় কেন্দ্র
Section header,বিভাগ শিরোনাম
Section name,বিভাগের নাম
Section number,বিভাগ নম্বর
Section text,বিভাগ পাঠ্য
Security,সুরক্ষা
"Security
 Certification","সুরক্ষা
 শংসাপত্র"
Seek area,অঞ্চল সন্ধান করুন
Seek key,কী সন্ধান করুন
Seek time,সময় নেওয়া
Segment mark,বিভাগ চিহ্ন
Segment number,বিভাগ নম্বর
Seizing signal,সিগন্যাল জব্দ
Select,নির্বাচন করুন
Selection check,নির্বাচন চেক
Selection ratio,নির্বাচন অনুপাত
Selection-replacement approach,নির্বাচন-প্রতিস্থাপন পদ্ধতির
Selection signal,নির্বাচন সংকেত
Selection sort,নির্বাচন বাছাই
Selection time,নির্বাচনের সময়
Selective assembly,নির্বাচনী সমাবেশ
Selective calling,নির্বাচনী কলিং
Selective combiner,নির্বাচনী কম্বিনার
Selective dump,নির্বাচনী ডাম্প
Selective erase,নির্বাচনী মুছুন
Selective fading,নির্বাচনী বিবর্ণ
Selective index,নির্বাচনী সূচক
Selective listing,নির্বাচনী তালিকা
Selective ringing,নির্বাচনী বাজানো
Selective trace,নির্বাচনী ট্রেস
Select line,লাইন নির্বাচন করুন
Selector,নির্বাচক
Selector channel,নির্বাচক চ্যানেল
Selector mode,নির্বাচক মোড
Selector pen,নির্বাচক কলম
"Self-adapting
 Computer","স্ব-অভিযোজন
 কম্পিউটার"
"Self-adapting
 Process","স্ব-অভিযোজন
 প্রক্রিয়া"
"Self-adapting
 Program","স্ব-অভিযোজন
 কার্যক্রম"
Self checking code,স্ব চেকিং কোড
"Self-checking
 Number","স্ব-চেকিং
 সংখ্যা"
"Self-compiling
 Computer","স্ব-সংকলন
 কম্পিউটার"
Self-complementing code,স্ব-পরিপূরক কোড
Self defining,স্ব সংজ্ঞা
"Self defining
 Delimiter","স্ব সংজ্ঞা
 ডিলিমিটার"
Self defining term,স্ব -সংজ্ঞা শব্দ
"Self demarking
 Code","স্ব ডিমার্কিং
 কোড"
Self-dual,স্ব-দ্বৈত
Self extending,স্ব প্রসারিত
Self learning,আত্মশিক্ষা
Self learning process,স্ব শেখার প্রক্রিয়া
"Self monitoring
 System","স্ব পর্যবেক্ষণ
 পদ্ধতি"
"Self organising
 Computer","স্ব -সংগঠিত
 কম্পিউটার"
"Self organising
 Program","স্ব -সংগঠিত
 কার্যক্রম"
"Self organising
 System","স্ব -সংগঠিত
 পদ্ধতি"
Self referent list,স্ব স্বীকৃতি তালিকা
"Self relative
 Address","স্বজন আত্মীয়
 ঠিকানা"
"Self relative
 Addressing","স্বজন আত্মীয়
 সম্বোধন"
"Self-relocating
 Program","স্ব-রিলোকেট
 কার্যক্রম"
Self-resetting loop (=self restoring loop),স্ব-রিসেটিং লুপ (= স্ব পুনরুদ্ধার লুপ)
Self-restoring loop,স্ব-পুনরুদ্ধার লুপ
Semantic matrix,শব্দার্থক ম্যাট্রিক্স
Semantic network,শব্দার্থক নেটওয়ার্ক
Semantics,শব্দার্থবিজ্ঞান
"Semiconductor
 Laser","অর্ধপরিবাহী
 লেজার"
"Semi-conductor
 Memory","আধা-কন্ডাক্টর
 স্মৃতি"
Semi-group,আধা-গোষ্ঠী
Semi-ring,আধা-রিং
Semi-thue system,আধা-ইঁদুর সিস্টেম
"Sender-receiver
 Terminal","প্রেরক-রিসিভার
 টার্মিনাল"
Send-only service,কেবলমাত্র পরিষেবা প্রেরণ
Sense,ইন্দ্রিয়
Sense amplifier,ইন্দ্রিয় পরিবর্ধক
Sense light,ইন্দ্রিয় আলো
Sense switch,সেন্স সুইচ
Sense winding,বোধ বাতাস
Sensing element,সেন্সিং উপাদান
Sensing signal,সেন্সিং সিগন্যাল
Sensing station,সেন্সিং স্টেশন
Sensor,সেন্সর
Sensor-based,সেন্সর ভিত্তিক
Sensor-based computer,সেন্সর ভিত্তিক কম্পিউটার
"Sensor-based
 System","সেন্সর ভিত্তিক
 পদ্ধতি"
Senstivity analysis,সেন্টিভিটি বিশ্লেষণ
Sentence,বাক্য
Sentence key,বাক্য কী
Sentence symbol,বাক্য প্রতীক
Sentential form,সেন্টিয়াল ফর্ম
Sentinel (= flag),সেন্টিনেল (= পতাকা)
Separator,বিভাজক
Septenary number,সেপ্টেনারি নম্বর
Septet,সেপটেট
Sequence,ক্রম
Sequence check,সিকোয়েন্স চেক
"Sequence checking
 Routine","সিকোয়েন্স চেকিং
 রুটিন"
"Sequence
 Computer","ক্রম
 কম্পিউটার"
"Sequence control
 Register","সিকোয়েন্স নিয়ন্ত্রণ
 নিবন্ধন"
"Sequence control
 Tape","সিকোয়েন্স নিয়ন্ত্রণ
 টেপ"
Sequence counter,সিকোয়েন্স কাউন্টার
Sequence error,সিকোয়েন্স ত্রুটি
"Sequence
 Generator","ক্রম
 জেনারেটর"
Sequence monitor,সিকোয়েন্স মনিটর
Sequence packing,সিকোয়েন্স প্যাকিং
Sequencer,সিকোয়েন্সার
Sequence register,সিকোয়েন্স রেজিস্টার
Sequence symbol,ক্রম প্রতীক
Sequence timer,সিকোয়েন্স টাইমার
Sequencing,সিকোয়েন্সিং
"Sequencing
 Criterion","সিকোয়েন্সিং
 মানদণ্ড"
Sequencing key,সিকোয়েন্সিং কী
Sequency,সিকোয়েন্সি
Sequential access,অনুক্রমিক অ্যাক্সেস
"Sequential access
 Method","অনুক্রমিক অ্যাক্সেস
 পদ্ধতি"
"Sequential access
 Storage","অনুক্রমিক অ্যাক্সেস
 স্টোরেজ"
"Sequential
 Algorithm","অনুক্রমিক
 অ্যালগরিদম"
"Sequential batch
 Processing","সিক্যুয়াল ব্যাচ
 প্রক্রিয়াজাতকরণ"
Sequential circuit,সিক্যুয়াল সার্কিট
"Sequential
 Collating","অনুক্রমিক
 কোলেটিং"
"Sequential
 Computer","অনুক্রমিক
 কম্পিউটার"
Sequential data set,ক্রমিক ডেটা সেট
Sequential file,সিক্যুয়াল ফাইল
"Sequential file
 Organization","সিক্যুয়াল ফাইল
 সংগঠন"
"Sequential
 Function","অনুক্রমিক
 ফাংশন"
"Sequential logic
 Element","অনুক্রমিক যুক্তি
 উপাদান"
"Sequential
 Machine","অনুক্রমিক
 মেশিন"
"Sequential
 Operation","অনুক্রমিক
 অপারেশন"
"Sequential
 Organisation","অনুক্রমিক
 সংগঠন"
Sequential process,অনুক্রমিক প্রক্রিয়া
"Sequential
 Processing","অনুক্রমিক
 প্রক্রিয়াজাতকরণ"
Sequential queue,ক্রমিক সারি
Sequential reading,অনুক্রমিক পড়া
"Sequential
 Scheduling
 System","অনুক্রমিক
 সময়সূচী
 পদ্ধতি"
"Sequential search
 Algorithm","অনুক্রমিক অনুসন্ধান
 অ্যালগরিদম"
"Sequential
 Transducer","অনুক্রমিক
 ট্রান্সডুসার"
Serial access,সিরিয়াল অ্যাক্সেস
"Serial access
 Memory","সিরিয়াল অ্যাক্সেস
 স্মৃতি"
"Serial-access
 Storage","সিরিয়াল-অ্যাক্সেস
 স্টোরেজ"
Serial adder,সিরিয়াল অ্যাডার
Serial addition,সিরিয়াল সংযোজন
"Serial bit
 Transmission","সিরিয়াল বিট
 সংক্রমণ"
Serial-by-bit,সিরিয়াল বাই বিট
Serial computer,সিরিয়াল কম্পিউটার
Serial data,সিরিয়াল ডেটা
"Serial data
 Controller","সিরিয়াল ডেটা
 নিয়ামক"
Serial file,সিরিয়াল ফাইল
Serial flow,সিরিয়াল প্রবাহ
Serial-input-output,সিরিয়াল-ইনপুট-আউটপুট
Serial in serial out,সিরিয়াল আউট সিরিয়াল
Serial interface,সিরিয়াল ইন্টারফেস
Serial operation,সিরিয়াল অপারেশন
Serial-parallel,সিরিয়াল-সমান্তরাল
Serial port,সিরিয়াল পোর্ট
Serial printer,সিরিয়াল প্রিন্টার
Serial process,সিরিয়াল প্রক্রিয়া
Serial processing,সিরিয়াল প্রসেসিং
"Serial
 Programming","সিরিয়াল
 প্রোগ্রামিং"
Serial sort,সিরিয়াল বাছাই
Serial storage,সিরিয়াল স্টোরেজ
Serial terminal,সিরিয়াল টার্মিনাল
"Serial-to-parallel
 Converter","সিরিয়াল থেকে সমান্তরাল
 রূপান্তরকারী"
Serial transfer,সিরিয়াল স্থানান্তর
Serial transmission,সিরিয়াল সংক্রমণ
"Serial word
 Operation","সিরিয়াল শব্দ
 অপারেশন"
Server,সার্ভার
Service bit,পরিষেবা বিট
Service bureau,পরিষেবা ব্যুরো
Service circuit,পরিষেবা সার্কিট
Service code,পরিষেবা কোড
"Service
 Engineering","পরিষেবা
 প্রকৌশল"
Service order table,পরিষেবা অর্ডার টেবিল
Service program,পরিষেবা প্রোগ্রাম
Service rate,পরিষেবা হার
"Service request
 Interrupt","পরিষেবা অনুরোধ
 বাধা"
Service routine,পরিষেবা রুটিন
Servo mechanism,সার্ভো মেকানিজম
Servomultiplier,সার্ভোমাল্টিপ্লায়ার
Servo surface,সার্ভো পৃষ্ঠ
Session control,সেশন নিয়ন্ত্রণ
Session layer,সেশন স্তর
Set algebra,বীজগণিত সেট করুন
Set break point,ব্রেক পয়েন্ট সেট করুন
Set difference,পার্থক্য সেট করুন
Set point,চিহ্নিত করা
Set symbol,প্রতীক সেট
Setting time,সময় নির্ধারণ
Set up,সেট আপ
Set up diagram,ডায়াগ্রাম সেট আপ করুন
Seven-bit-byte,সাত-বিট-বাইট
"Seven-layer
 Reference model","সাত-স্তর
 উল্লেখিত নমুনা"
"Seven-segment
 Display","সাত-বিভাগ
 প্রদর্শন"
Severity code,তীব্রতা কোড
Sextet,সেক্সটেট
Shading,শেডিং
Shannon,শ্যানন
"Shannon-Fano
 Coding","শ্যানন-ফ্যানো
 কোডিং"
"Shannon-Hartley
 Law","শ্যানন-হার্টলি
 আইন"
"Shannon's
 Diagram","শ্যানন এর
 চিত্র"
Shannon's model,শ্যাননের মডেল
Shannon's theorem,শ্যাননের উপপাদ্য
Shaping network,রুপিং নেটওয়ার্ক
Shared batch area,ভাগ করা ব্যাচ অঞ্চল
Shared disc,ভাগ করা ডিস্ক
Shared file,ভাগ করা ফাইল
Shared logic,ভাগ করা যুক্তি
"Shared logic
 System","ভাগ করা যুক্তি
 পদ্ধতি"
Shared memory,ভাগ করা মেমরি
Shared resource,ভাগ করা রিসোর্স
Shared storage,ভাগ করা স্টোরেজ
Shared system,ভাগ করা সিস্টেম
Shared virtual area,ভাগ করা ভার্চুয়াল অঞ্চল
Sharing,ভাগ করে নেওয়া
Sheet,শীট
Sheet feeder,শীট ফিডার
Sheffer stroke,শেফার স্ট্রোক
Shell's method,শেলের পদ্ধতি
Shell sort,শেল বাছাই
Shift,শিফট
Shift character,শিফট চরিত্র
Shift counter,শিফট কাউন্টার
Shift down modem,শিফট ডাউন মডেম
Shift-in character,শিফট-ইন চরিত্র
Shift instruction,শিফট নির্দেশ
Shift keying,শিফট কীিং
Shift out character,শিফট আউট চরিত্র
Shift pulse,শিফট ডাল
"Shift reduce
 Parsing","শিফট হ্রাস
 পার্সিং"
Shift register,স্থানান্তর নিবন্ধন
Shooting method,শুটিং পদ্ধতি
Shop,দোকান
Short block,শর্ট ব্লক
Short card,শর্ট কার্ড
Short code dialing,শর্ট কোড ডায়ালিং
Short dialing,সংক্ষিপ্ত ডায়ালিং
"Shortest path
 Algorithm","সংক্ষিপ্ততম পথ
 অ্যালগরিদম"
Short instruction,সংক্ষিপ্ত নির্দেশ
"Short term
 Scheduling","স্বল্প মেয়াদ
 সময়সূচী"
Short term storage,স্বল্পমেয়াদী স্টোরেজ
Short word,সংক্ষিপ্ত শব্দ
Shoulder tap,কাঁধের ট্যাপ
Shut off sequence,সিকোয়েন্স বন্ধ করুন
Sibling,ভাইবোন
Side band,সাইড ব্যান্ড
Side circuit,সাইড সার্কিট
Side effect,পার্শ্ব প্রতিক্রিয়া
Side lobe,সাইড লোব
Sifting technique,সিফটিং কৌশল
Sight check,দর্শন চেক
Sigma language,সিগমা ভাষা
Sigma memory,সিগমা স্মৃতি
Sigma storage,সিগমা স্টোরেজ
Sigma tree,সিগমা গাছ
Sigma word,সিগমা শব্দ
Sign,চিহ্ন
Signal,সংকেত
Signal conditioning,সিগন্যাল কন্ডিশনার
"Signal conversion
 Equipment","সংকেত রূপান্তর
 সরঞ্জাম"
Signal converter,সংকেত রূপান্তরকারী
Signal distance,সংকেত দূরত্ব
Signal distributor,সিগন্যাল ডিস্ট্রিবিউটর
Signal element,সংকেত উপাদান
Signal enabling,সংকেত সক্ষম
Signal inhibiting,সংকেত বাধা
Signal level,সংকেত স্তর
Signalling rate,সংকেত হার
Signal operation,সংকেত অপারেশন
Signal processing,সংকেত প্রক্রিয়াজাতকরণ
Signal processor,সিগন্যাল প্রসেসর
Signal ratio,সংকেত অনুপাত
"Signal
 Regeneration","সংকেত
 পুনর্জন্ম"
"Signal
 Standardisation","সংকেত
 মানীকরণ"
Signal strength,সংকেত শক্তি
"Signal to noise
 Ratio","শব্দ সংকেত
 অনুপাত"
"Signal transfer
 Point","সংকেত স্থানান্তর
 পয়েন্ট"
"Signal
 Transformation","সংকেত
 রূপান্তর"
Signature analysis,স্বাক্ষর বিশ্লেষণ
Signature testing,স্বাক্ষর পরীক্ষা
Sign bit,বিট সাইন
Sign character,সাইন চরিত্র
Sign condition,সাইন শর্ত
Sign digit,সাইন ডিজিট
Signed binary,স্বাক্ষরিত বাইনারি
Signed field,স্বাক্ষরিত ক্ষেত্র
"Signed magnitude
 Representation","স্বাক্ষরিত মাত্রা
 প্রতিনিধিত্ব"
"Signed packet
 Decimal","স্বাক্ষরিত প্যাকেট
 দশমিক"
Significant digit,উল্লেখযোগ্য অঙ্ক
"Significant digit
 Arithmetic","উল্লেখযোগ্য অঙ্ক
 পাটিগণিত"
Significant figure,গুরুত্বপূর্ণ ব্যক্তিত্ব
Significant interval,উল্লেখযোগ্য ব্যবধান
Sign magnitude,সাইন মাত্রা
Sign position,সাইন পজিশন
Silicon chip,সিলিকন চিপ
Silicon gate,সিলিকন গেট
Similar trees,অনুরূপ গাছ
Simple buffering,সাধারণ বাফারিং
Simple condition,সহজ অবস্থা
Simple instruction,সহজ নির্দেশ
"Simple instruction
 Multiple data","সহজ নির্দেশ
 একাধিক ডেটা"
Simple parameter,সাধারণ প্যারামিটার
"Simple parity
 Check","সাধারণ সমতা
 পরীক্ষা করুন"
Simplex channel,সিম্প্লেক্স চ্যানেল
Simplex circuit,সিমপ্লেক্স সার্কিট
Simplex code,সিম্প্লেক্স কোড
"Simplex
 Communication","সিম্প্লেক্স
 যোগাযোগ"
Simplex method,সিম্প্লেক্স পদ্ধতি
Simplex system,সিম্প্লেক্স সিস্টেম
"Simplex
 Transmission","সিম্প্লেক্স
 সংক্রমণ"
SIMSCRIPT,সিমস্ক্রিপ্ট
"Simulation
 Language","সিমুলেশন
 ভাষা"
Simulator,সিমুলেটর
"Simultaneous
 Access","যুগপত
 অ্যাক্সেস"
"Simultaneous
 Computer","যুগপত
 কম্পিউটার"
"Simultaneous input
 Output","একযোগে ইনপুট
 আউটপুট"
"Simultaneous
 Operation","যুগপত
 অপারেশন"
"Simultaneous
 Processing","যুগপত
 প্রক্রিয়াজাতকরণ"
"Simultaneous
 Transmission","যুগপত
 সংক্রমণ"
Single address,একক ঠিকানা
"Single address
 Code","একক ঠিকানা
 কোড"
"Single address
 Instruction","একক ঠিকানা
 নির্দেশ"
"Single address
 Message","একক ঠিকানা
 বার্তা"
"Single assignment
 Language","একক অ্যাসাইনমেন্ট
 ভাষা"
Single buffering,একক বাফারিং
Single circuit,একক সার্কিট
Single cycle key,একক চক্র কী
"Single domain
 Network","একক ডোমেন
 অন্তর্জাল"
Single error,একক ত্রুটি
"Single frequency
 Signalling","একক ফ্রিকোয়েন্সি
 সংকেত"
"Single instruction
 Multiple data","একক নির্দেশ
 একাধিক ডেটা"
"Single length
 Working","একক দৈর্ঘ্য
 কাজ"
"Single office
 Exchange","একক অফিস
 বিনিময়"
"Single operand
 Addressing","একক অপারেন্ড
 সম্বোধন"
"Single operand
 Instruction","একক অপারেন্ড
 নির্দেশ"
Single operation,একক অপারেশন
"Single pass
 Program","একক পাস
 কার্যক্রম"
"Single point
 Ground","একক বিন্দু
 গ্রাউন্ড"
Single precision,একক নির্ভুলতা
Single set up,একক সেট আপ
"Single sheet 
 Feeding","একক শীট
 খাওয়ানো"
Single shot circuit,একক শট সার্কিট
"Single side band
 Transmission","একক সাইড ব্যান্ড
 সংক্রমণ"
Single step,একক পদক্ষেপ
"Single step
 Operation","একক পদক্ষেপ
 অপারেশন"
Single threading,একক থ্রেডিং
Single vertical key,একক উল্লম্ব কী
Singly linked list,এককভাবে লিঙ্কযুক্ত তালিকা
Sink current,ডুবিয়ে বর্তমান
Sinking technique,ডুবে যাওয়া কৌশল
"Single length
 Working","একক দৈর্ঘ্য
 কাজ"
Six bit byte,ছয় বিট বাইট
Six digit translation,ছয় অঙ্কের অনুবাদ
Sizing,আকার
Skeletal code,কঙ্কাল কোড
Skew character,স্কিউ চরিত্র
Skewed overload,স্কিউ ওভারলোড
"Skewed tree
 (= Unbalanced
 Tree)","স্কিউড গাছ
 (= ভারসাম্যহীন
 গাছ)"
Skew failure,স্কিউ ব্যর্থতা
Skip,এড়িয়ে যান
Skip code,কোড এড়িয়ে যান
Skip flag,পতাকা এড়িয়ে যান
Skip instruction,নির্দেশ এড়িয়ে যান
Skip key,কী এড়িয়ে যান
Skipping,স্কিপিং
"Skip sequential
 Access method","ক্রমিক এড়িয়ে যান
 অ্যাক্সেস পদ্ধতি"
Slack byte,স্ল্যাক বাইট
Slave computer,স্লেভ কম্পিউটার
Slave machine,স্লেভ মেশিন
Slave mode,স্লেভ মোড
Slave station,স্লেভ স্টেশন
Slave tube,স্লেভ টিউব
Slew rate,স্লিউ রেট
Slice,স্লাইস
Slice architecture,স্লাইস আর্কিটেকচার
Slicer,স্লিকার
Slicing,কাটা
Slope equaliser,Ope ালু সমতা
Slot,স্লট
Slot antenna,স্লট অ্যান্টেনা
Slot reader,স্লট রিডার
Slow death,ধীর মৃত্যু
Slow storage,ধীর স্টোরেজ
Slow time scale,ধীর সময় স্কেল
"Small scale
 Integration","ছোট স্কেল
 মিশ্রণ"
Smart machines,স্মার্ট মেশিন
Smart terminal,স্মার্ট টার্মিনাল
S-mode record,এস-মোড রেকর্ড
Smoke test,ধোঁয়া পরীক্ষা
Smoothed data,স্মুথড ডেটা
Smoothing,স্মুথিং
Smudge,ধাক্কা
Snap shot,স্ন্যাপ শট
Snapshot debug,স্ন্যাপশট ডিবাগ
Snapshot dump,স্ন্যাপশট ডাম্প
"Snapshot
 Programme","স্ন্যাপশট
 কার্যক্রম"
Sneak current,স্রোত স্রোত
Sniffing,স্নিফিং
SNOBOL,স্নোবোল
Socket,সকেট
Soft copy,সফট কপি
"Soft error
 (= Transient
 Error)","নরম ত্রুটি
 (= ক্ষণস্থায়ী
 ত্রুটি)"
Soft keyboard,নরম কীবোর্ড
Soft sector,নরম খাত
Soft sectored disk,নরম সেক্টরড ডিস্ক
"Soft sectored disk
 System","নরম সেক্টরড ডিস্ক
 পদ্ধতি"
"Soft sector
 Formating","নরম খাত
 গঠন"
Soft software,নরম সফ্টওয়্যার
Software,সফটওয়্যার
"Software
 Compatible","সফটওয়্যার
 উপযুক্ত"
Software control,সফ্টওয়্যার নিয়ন্ত্রণ
Software device,সফ্টওয়্যার ডিভাইস
"Software
 Documentation","সফটওয়্যার
 ডকুমেন্টেশন"
Software driver,সফটওয়্যার ড্রাইভার
"Software
 Emulation","সফটওয়্যার
 অনুকরণ"
"Software
 Engineering","সফটওয়্যার
 প্রকৌশল"
"Software
 Engineering
 Environment","সফটওয়্যার
 প্রকৌশল
 পরিবেশ"
Software house,সফটওয়্যার হাউস
Software life cycle,সফ্টওয়্যার লাইফ সাইকেল
"Software
 Maintenance","সফটওয়্যার
 রক্ষণাবেক্ষণ"
Software monitor,সফ্টওয়্যার মনিটর
Software package,সফ্টওয়্যার প্যাকেজ
"Software
 Prototyping","সফটওয়্যার
 প্রোটোটাইপিং"
"Software quality
 Assurance","সফ্টওয়্যার মানের
 আশ্বাস"
"Software recording
 Facility","সফ্টওয়্যার রেকর্ডিং
 সুবিধা"
Software reliability,সফ্টওয়্যার নির্ভরযোগ্যতা
Software specification,সফ্টওয়্যার স্পেসিফিকেশন
Software stack,সফ্টওয়্যার স্ট্যাক
"Software support
 System","সফ্টওয়্যার সমর্থন
 পদ্ধতি"
Software tool,সফ্টওয়্যার সরঞ্জাম
"Software trace
 Mode","সফ্টওয়্যার ট্রেস
 মোড"
Solder mask,ঝাল মাস্ক
Solid error,কঠিন ত্রুটি
Solid font printer,সলিড ফন্ট প্রিন্টার
"Solid logic
 Technology","সলিড লজিক
 প্রযুক্তি"
Solid state,কঠিন অবস্থা
"Solid state
 Component","কঠিন অবস্থা
 উপাদান"
"Solid state
 Computer","কঠিন অবস্থা
 কম্পিউটার"
Solid state memory,সলিড স্টেট মেমরি
Solvable,সমাধানযোগ্য
Sonic delay line,সোনিক বিলম্ব লাইন
"Sort blocking
 Factor","বাছাই ব্লকিং
 ফ্যাক্টর"
Sorter,সোর্টার
Sort generation,প্রজন্ম বাছাই করুন
"Sortign scratch
 Tape","স্ক্র্যাচ বাছাই করুন
 টেপ"
Sorting,শ্রেণীবিভাজন
Sorting item,বাছাই আইটেম
Sorting program,বাছাই প্রোগ্রাম
"Sorting rewind
 Time","রিওয়াইন্ড বাছাই করা
 সময়"
"Sorting sequencing
 Key","সিকোয়েন্সিং বাছাই করা
 চাবি"
Sorting string,বাছাই স্ট্রিং
Sorting work tape (= sorting scratch tape),কাজ টেপ বাছাই (= বাছাই করা স্ক্র্যাচ টেপ)
Sort key,বাছাই কী
Sort merge,মার্জ বাছাই করুন
Sort merge facility,মার্জ সুবিধা বাছাই করুন
"Sort merge
 Generator","মার্জ বাছাই করুন
 জেনারেটর"
"Sort merge
 Program","মার্জ বাছাই করুন
 কার্যক্রম"
Sort pass,বাছাই পাস
Sort program,বাছাই প্রোগ্রাম
Sort selection,বাছাই বাছাই
Sort utility,বাছাই ইউটিলিটি
Source alphabet,উত্স বর্ণমালা
Source code,সোর্স কোড
"Source code
 Compatibility","সোর্স কোড
 সামঞ্জস্যতা"
Source coding,উত্স কোডিং
"Source coding
 Theorem","উত্স কোডিং
 উপপাদ্য"
"Source
 Compression
 Coding","সূত্র
 সঙ্কোচন
 কোডিং"
"Source
 Compression
 Factor","সূত্র
 সঙ্কোচন
 ফ্যাক্টর"
Source computer,উত্স কম্পিউটার
Source data,উৎস তথ্য
"Source data
 Acquisition","উৎস তথ্য
 অধিগ্রহণ"
"Source data
 Automation","উৎস তথ্য
 অটোমেশন"
Source data card,উত্স ডেটা কার্ড
Source deck,উত্স ডেক
Source document,উৎস নথি
Source editor,উত্স সম্পাদক
Source file,উত্স ফাইল
Source key,উত্স কী
Source language,উৎস ভাষা
"Source language
 Debugging","উৎস ভাষা
 ডিবাগিং"
"Source language
 Translation","উৎস ভাষা
 অনুবাদ"
Source library,উত্স গ্রন্থাগার
"Source listing
 (= Program
 Listing)","উত্স তালিকা
 (= প্রোগ্রাম
 তালিকা)"
Source machine,উত্স মেশিন
"Source macro
 Definition","উত্স ম্যাক্রো
 সংজ্ঞা"
Source module,উত্স মডিউল
"Source module
 Library","উত্স মডিউল
 গ্রন্থাগার"
"Source operand
 Register","উত্স অপারেন্ড
 নিবন্ধন"
Source pack,উত্স প্যাক
Source program,উত্স প্রোগ্রাম
"Source program
 Compiling","উত্স প্রোগ্রাম
 সংকলন"
Source recording,উত্স রেকর্ডিং
Source set,উত্স সেট
Source statement,উত্স বিবৃতি
"Source statement
 Library","উত্স বিবৃতি
 গ্রন্থাগার"
Source table,উত্স টেবিল
Source utility,উত্স ইউটিলিটি
Space,স্থান
Space character,স্থান চরিত্র
Space code,স্পেস কোড
Space complexity,স্থান জটিলতা
Space domain,স্পেস ডোমেন
Space level,স্থান স্তর
Space quantization,স্পেস কোয়ান্টাইজেশন
Space suppression,স্থান দমন
"Space-time
 Relationship","স্থান সময়
 সম্পর্ক"
"Space-to mark
 Transition","স্পেস-টু মার্ক
 রূপান্তর"
Spacing bias,ফাঁকা পক্ষপাত
"Spacing-end
 Distortion","ব্যবধান-শেষ
 বিকৃতি"
Span line,স্প্যান লাইন
Spanned array,বিস্তৃত অ্যারে
Spanning subgraph,সাবগ্রাফ বিস্তৃত
Spanning tree,বিস্তৃত গাছ
Sparse array,বিরল অ্যারে
Sparse matrix,স্পার্স ম্যাট্রিক্স
"Special-purpose
 Computer","বিশেষ কারণ
 কম্পিউটার"
"Special-purpose
 Language","বিশেষ কারণ
 ভাষা"
Special register,বিশেষ নিবন্ধ
Special service,বিশেষ পরিষেবা
Specific address,নির্দিষ্ট ঠিকানা
"Specification
 Statement","স্পেসিফিকেশন
 বিবৃতি"
"Specification
 Subprogram","স্পেসিফিকেশন
 সাবপ্রগ্রাম"
Specific code,নির্দিষ্ট কোড
Specific coding,নির্দিষ্ট কোডিং
Specific program,নির্দিষ্ট প্রোগ্রাম
Specific routine,নির্দিষ্ট রুটিন
Spectral response,বর্ণালী প্রতিক্রিয়া
Speech calling,বক্তৃতা কলিং
Speech input,স্পিচ ইনপুট
"Speech plus
 Signalling","স্পিচ প্লাস
 সংকেত"
Speech scrambler,স্পিচ স্ক্র্যামবলার
Speech synthesizer,স্পিচ সিনথেসাইজার
Speed calling,গতি কলিং
"Spherical type
 Head","গোলাকার প্রকার
 মাথা"
Spin lock,স্পিন লক
Spiral four cable,সর্পিল চারটি কেবল
Spline,স্প্লাইন
Split catalogue,বিভক্ত ক্যাটালগ
Split screen,বিভক্ত পর্দা
Splitting,বিভাজন
Spool,স্পুল
Spooler,স্পুলার
Spooling,স্পুলিং
Spool management,স্পুল ম্যানেজমেন্ট
Spread spectrum,বর্ণালী ছড়িয়ে দিন
"Spread-spectrum
 Modulation","স্প্রেড-স্পেকট্রাম
 মড্যুলেশন"
Sprocket feed,স্প্রকেট ফিড
Sprocket hole,স্প্রোকেট হোল
Sprocket track,স্প্রকেট ট্র্যাক
Spurt signalling,স্পার্ট সিগন্যালিং
Square matrix,স্কোয়ার ম্যাট্রিক্স
Squeal,Squale
Squealing,চেঁচামেচি
Stable state,স্থিতিশীল অবস্থা
Stack,স্ট্যাক
Stack algorithm,স্ট্যাক অ্যালগরিদম
Stack architecture,স্ট্যাক আর্কিটেকচার
Stack automata,স্ট্যাক অটোমেটা
Stacked graph,স্ট্যাকড গ্রাফ
Stacked job,স্ট্যাকড জব
"Stacked job
 Processing","স্ট্যাকড জব
 প্রক্রিয়াজাতকরণ"
Stack frame,স্ট্যাক ফ্রেম
Stack indicator,স্ট্যাক সূচক
Stacking,স্ট্যাকিং
Stack manipulation (= stack processing),স্ট্যাক ম্যানিপুলেশন (= স্ট্যাক প্রসেসিং)
Stack pointer,স্ট্যাক পয়েন্টার
"Stack pointer
 Addressing mode","স্ট্যাক পয়েন্টার
 ঠিকানা মোড"
Stack processing,স্ট্যাক প্রসেসিং
Staging,মঞ্চায়ন
"Staircase
 Waveform","সিঁড়ি
 তরঙ্গরূপ"
Stand alone,একা দাঁড়িয়ে
"Stand alone
 Modem","একা দাঁড়িয়ে
 মডেম"
"Standard data 
 Exchange","স্ট্যান্ডার্ড ডেটা
 বিনিময়"
"Standard data
 Format","স্ট্যান্ডার্ড ডেটা
 ফর্ম্যাট"
Standard file,স্ট্যান্ডার্ড ফাইল
Standard form,মান ফর্ম
Standard graph,স্ট্যান্ডার্ড গ্রাফ
"Standard
Information","স্ট্যান্ডার্ড
তথ্য"
Standard interface,স্ট্যান্ডার্ড ইন্টারফেস
Standardization,মানীকরণ
Standard label,স্ট্যান্ডার্ড লেবেল
"Standard operating
 Procedure","স্ট্যান্ডার্ড অপারেটিং
 পদ্ধতি"
"Standard product
 Of sums","স্ট্যান্ডার্ড পণ্য
 অঙ্কের"
"Standard product 
 Term","স্ট্যান্ডার্ড পণ্য
 শব্দ"
Standard program,স্ট্যান্ডার্ড প্রোগ্রাম
"Standard
 Subroutine","স্ট্যান্ডার্ড
 Subroutine"
"Standard sum of
 Products","স্ট্যান্ডার্ড যোগ
 পণ্য"
Standard sum term,স্ট্যান্ডার্ড যোগ শব্দ
"Standard system
 Action","স্ট্যান্ডার্ড সিস্টেম
 কর্ম"
Standby,অপেক্ষা করো
"Standby
 Application","অপেক্ষা করো
 আবেদন"
Standby block,স্ট্যান্ডবাই ব্লক
Standby computer,স্ট্যান্ডবাই কম্পিউটার
Standby equipment,স্ট্যান্ডবাই সরঞ্জাম
Standby register,স্ট্যান্ডবাই রেজিস্টার
Standby time,Standby সময়
Star closure,তারা বন্ধ
Star height,তারা উচ্চতা
Star network,স্টার নেটওয়ার্ক
Star program,স্টার প্রোগ্রাম
"Star bit (= start
 Signal)","তারা বিট (= শুরু
 সংকেত)"
"Starting dialing
 Signal","ডায়ালিং শুরু
 সংকেত"
"Starting element
 (= Start signal)","শুরু উপাদান
 (= শুরু সংকেত)"
Starting point,শুরু
Start key,শুরু কী
"Start of format
 Control","ফর্ম্যাট শুরু
 নিয়ন্ত্রণ"
"Start of message
 Code","বার্তা শুরু
 কোড"
"Start of text
 Character","পাঠ্য শুরু
 চরিত্র"
Start signal,সংকেত শুরু করুন
Start stop,স্টপ শুরু
Start stop system,স্টপ সিস্টেম শুরু করুন
Start stop time,সময় বন্ধ করুন
"Start stop
 Transmission","স্টপ শুরু
 সংক্রমণ"
Start symbol,প্রতীক শুরু
Start time,সময় শুরু
Starvation,অনাহার
State assignment,রাষ্ট্রীয় কার্যভার
State code,রাষ্ট্রীয় কোড
Statement,বিবৃতি
Statement body,স্টেটমেন্ট বডি
"Statement function
 Definition","বিবৃতি ফাংশন
 সংজ্ঞা"
"Statement
 Identifier","বিবৃতি
 সনাক্তকারী"
Statement label,বিবৃতি লেবেল
"Statement label
 Constant","বিবৃতি লেবেল
 ধ্রুবক"
Statement number,বিবৃতি নম্বর
Statement verb,বিবৃতি ক্রিয়া
State table,রাষ্ট্রীয় টেবিল
"State transition
 Function","রাষ্ট্রীয় রূপান্তর
 ফাংশন"
Static allocation,স্থির বরাদ্দ
"Static buffer
 Allocation","স্ট্যাটিক বাফার
 বরাদ্দ"
Static buffering,স্ট্যাটিক বাফারিং
"Static data
 Structure","স্ট্যাটিক ডেটা
 কাঠামো"
"Static display
 Image","স্থির প্রদর্শন
 চিত্র"
Static dump,স্ট্যাটিক ডাম্প
Static error,স্থির ত্রুটি
Staticize,স্থির
"Static magnetic
 Cell","স্ট্যাটিক চৌম্বকীয়
 সেল"
Static memory,স্থির স্মৃতি
Static RAM,স্ট্যাটিক র‌্যাম
Static storage,স্ট্যাটিক স্টোরেজ
"Static storage
 Allocation","স্ট্যাটিক স্টোরেজ
 বরাদ্দ"
Static subroutine,স্ট্যাটিক সাবরুটাইন
Static test mode,স্ট্যাটিক টেস্ট মোড
Static variable,স্থির পরিবর্তনশীল
"Station
 Arrangement","স্টেশন
 ব্যবস্থা"
"Stationary
 Information
 Source","স্টেশনারি
 তথ্য
 সূত্র"
"Stationary message
 Source","স্থির বার্তা
 সূত্র"
Station battery,স্টেশন ব্যাটারি
Station code,স্টেশন কোড
"Station control
 Block","স্টেশন নিয়ন্ত্রণ
 ব্লক"
"Station error
 Detection","স্টেশন ত্রুটি
 সনাক্তকরণ"
"Station selection
 Code","স্টেশন নির্বাচন
 কোড"
"Station to station
 Service","স্টেশন থেকে স্টেশন
 পরিষেবা"
"Statistical
 Multiplexing","পরিসংখ্যান
 মাল্টিপ্লেক্সিং"
"Statistical
 Prediction","পরিসংখ্যান
 ভবিষ্যদ্বাণী"
Staton clock,স্ট্যাটন ক্লক
Stator,স্টেটর
Statre variable,স্ট্যাট্রে ভেরিয়েবল
Status,স্থিতি
Status channel,স্থিতি চ্যানেল
Status line,স্থিতি লাইন
Status register,স্থিতি নিবন্ধ
Status scan,স্থিতি স্ক্যান
Status word,স্থিতি শব্দ
"Step by step
 Operation","ধাপে ধাপে
 অপারেশন"
Step by step switch,ধাপে ধাপে সুইচ
"Step by step
 System","ধাপে ধাপে
 পদ্ধতি"
Step change,পদক্ষেপ পরিবর্তন
"Stepped start stop
 System","স্টেপ স্টার্ট স্টপ
 পদ্ধতি"
Stepper motor,স্টেপার মোটর
"Stepper switch
 (= Step by step
 Switch)","স্টিপার সুইচ
 (= ধাপে ধাপে
 স্যুইচ)"
Step size,ধাপে আকার
Stiff equation,কঠোর সমীকরণ
Still video,এখনও ভিডিও
"Stochastic
 Automata","স্টোকাস্টিক
 অটোমেটা"
Stochastic matrix,স্টোকাস্টিক ম্যাট্রিক্স
Stochastic process,স্টোকাস্টিক প্রক্রিয়া
Stop bit,বিট থামুন
Stop character,চরিত্র বন্ধ করুন
Stop code,কোড বন্ধ করুন
Stop element,উপাদান বন্ধ করুন
Stop instruction,নির্দেশ বন্ধ করুন
Stop key,কী বন্ধ করুন
Stop loop,লুপ বন্ধ করুন
Stopper,স্টপার
Stop signal,সংকেত বন্ধ করুন
Stop time,সময় বন্ধ
Storage,স্টোরেজ
Storage allocation,স্টোরেজ বরাদ্দ
Storage area,সংরক্ষণের এলাকা
Storage block,স্টোরেজ ব্লক
Storage cell,স্টোরেজ সেল
Storage cycle,স্টোরেজ চক্র
Storage density,স্টোরেজ ঘনত্ব
Storage device,স্টোরেজ ডিভাইস
Storage drum,স্টোরেজ ড্রাম
Storage dump,স্টোরেজ ডাম্প
Storage element,স্টোরেজ উপাদান
Storage exchange,স্টোরেজ এক্সচেঞ্জ
Storage fill,স্টোরেজ ফিল
Storage flip flop,স্টোরেজ ফ্লিপ ফ্লপ
"Storage
 Fragmentation","স্টোরেজ
 খণ্ডন"
Storage hierarchy,স্টোরেজ হায়ারার্কি
Storage indicator,স্টোরেজ সূচক
Storage integrator,স্টোরেজ ইন্টিগ্রেটার
"Storage
 Interference","স্টোরেজ
 হস্তক্ষেপ"
Storage key,স্টোরেজ কী
Storage light,স্টোরেজ লাইট
Storage location,সংগ্রহস্থলের অবস্থান
"Storage location
 Selection","সংগ্রহস্থলের অবস্থান
 নির্বাচন"
Storage matrix,স্টোরেজ ম্যাট্রিক্স
"Storage
 Oscilloscope","স্টোরেজ
 অসিলোস্কোপ"
Storage overlay,স্টোরেজ ওভারলে
"Storage parity
 Check","স্টোরেজ প্যারিটি
 পরীক্ষা করুন"
Storage pool,স্টোরেজ পুল
Storage protection,স্টোরেজ সুরক্ষা
"Storage protection
 Mechanism","স্টোরেজ সুরক্ষা
 পদ্ধতি"
Storage region,স্টোরেজ অঞ্চল
Storage register,স্টোরেজ রেজিস্টার
Storage resolver,স্টোরেজ রেজোলভার
Storage stack,স্টোরেজ স্ট্যাক
Storage structure,স্টোরেজ কাঠামো
Storage tab setting,স্টোরেজ ট্যাব সেটিং
Storage tube,স্টোরেজ টিউব
Store,স্টোর
Store and forward,রাখো এবং পাঠাও
"Store and forward
 Mode","রাখো এবং পাঠাও
 মোড"
Store controller,স্টোর নিয়ামক
"Store controller
 Disk","স্টোর নিয়ামক
 ডিস্ক"
"Store controller
 Storage","স্টোর নিয়ামক
 স্টোরেজ"
"Stored format
 Instruction","সঞ্চিত ফর্ম্যাট
 নির্দেশ"
Stored program,সঞ্চিত প্রোগ্রাম
"Stored program
 Computer","সঞ্চিত প্রোগ্রাম
 কম্পিউটার"
"Stored program
 Control","সঞ্চিত প্রোগ্রাম
 নিয়ন্ত্রণ"
Stored routine,সঞ্চিত রুটিন
Store loop,স্টোর লুপ
Store loop driver,স্টোর লুপ ড্রাইভার
Store protection,সংরক্ষণ সুরক্ষা
"Store support
 Procedure","সমর্থন সমর্থন
 পদ্ধতি"
"Straight insertion
 Sort","সোজা সন্নিবেশ
 সাজান"
"Straight line 
 Coding","সোজা লাইন
 কোডিং"
"Straight selection
 Sort","সোজা নির্বাচন
 সাজান"
Strain gauge,বিকৃতি পরিমাপক
Strassen algorithm,স্ট্রেসেন অ্যালগরিদম
Stratified language,স্তরিত ভাষা
"Streaming tape
 Transport","স্ট্রিমিং টেপ
 পরিবহন"
String,স্ট্রিং
String break,স্ট্রিং ব্রেক
String character,স্ট্রিং চরিত্র
String constant,স্ট্রিং ধ্রুবক
String data,স্ট্রিং ডেটা
String file,স্ট্রিং ফাইল
String floppy,স্ট্রিং ফ্লপি
String length,স্ট্রিং দৈর্ঘ্য
"String
 Manipulation","স্ট্রিং
 হেরফের"
String matching,স্ট্রিং ম্যাচিং
String operator,স্ট্রিং অপারেটর
"String process
 System","স্ট্রিং প্রক্রিয়া
 পদ্ধতি"
String segment,স্ট্রিং বিভাগ
String sorting,স্ট্রিং বাছাই
String variable,স্ট্রিং ভেরিয়েবল
Strobe,স্ট্রোব
Strobe pulse,স্ট্রোব পালস
Stroke centre line,স্ট্রোক সেন্টার লাইন
"Stroke character
 Generator","স্ট্রোক চরিত্র
 জেনারেটর"
Stroke edge,স্ট্রোক এজ
"Stroke edge
 Irregularity","স্ট্রোক এজ
 অনিয়ম"
Stroke width,স্ট্রোক প্রস্থ
Strongly connected,দৃ strongly ়ভাবে সংযুক্ত
"Structural
 Induction","কাঠামোগত
 আনয়ন"
Structure,কাঠামো
Structured analysis,কাঠামোগত বিশ্লেষণ
Structured coding,কাঠামোগত কোডিং
"Structured
 Language","কাঠামোগত
 ভাষা"
"Structured
 Programming","কাঠামোগত
 প্রোগ্রামিং"
"Structured system
 Analysis","কাঠামোগত সিস্টেম
 বিশ্লেষণ"
"Structured variable
 (Record)","কাঠামোগত পরিবর্তনশীল
 (রেকর্ড)"
"Structure
 Expression","কাঠামো
 অভিব্যক্তি"
Structure flowchart,কাঠামো ফ্লোচার্ট
Structure member,কাঠামো সদস্য
Structure of arrays,অ্যারে কাঠামো
Stub,অসম্পূর্ণ
Stub card,স্টাব কার্ড
Stuffing character,স্টাফিং চরিত্র
Stunt box,স্টান্ট বক্স
Stylus,স্টাইলাস
Stylus printer,স্টাইলাস প্রিন্টার
Sub block,সাব ব্লক
Subchannel,সাবচ্যানেল
Subcommand,সাবকম্যান্ড
Subdatabase,সাবডাটাবেস
Subfield,সাবফিল্ড
Subgeneration,সাবজেনারেশন
Sublist,Sublist
Sub loop,সাব লুপ
Submatrix,সাবম্যাট্রিক্স
Submodular phase,সাবমোডুলার ফেজ
"Sub-Nyquist
 Sampling","সাব-এনকুইস্ট
 নমুনা"
Subparameter,সাবপ্যারামিটার
Subprogram,সাবপ্রগ্রাম
"Subrecursive
 Hierarchy","Subrecurcive
 হায়ারার্কি"
Subroutine,Subroutine
Subroutine call,সাব্রুটাইন কল
Subroutine library,সাবরুটাইন লাইব্রেরি
"Subroutine
 Statement","Subroutine
 বিবৃতি"
Subschema,সাবস্কেমা
Subscript,সাবস্ক্রিপ্ট
Subscript character,সাবস্ক্রিপ্ট চরিত্র
Subscript list,সাবস্ক্রিপ্ট তালিকা
Subscript variable,সাবস্ক্রিপ্ট ভেরিয়েবল
Sub semigroup,সাব সেমিগ্রুপ
Sub sequence,সাব সিকোয়েন্স
"Substitute
 Character","বিকল্প
 চরিত্র"
Substitution,প্রতিস্থাপন
Substring,সাবস্ট্রিং
Substring identifier,সাবস্ট্রিং আইডেন্টিফায়ার
Subsystem,সাবসিস্টেম
Subtask,সাবটাস্ক
Subtractor,বিয়োগফল
Subtree,সাবট্রি
Successor function,উত্তরসূরি ফাংশন
Suffix,প্রত্যয়
Suffix notation,প্রত্যয় স্বরলিপি
Suite,সুইট
Sumcheck,স্যামচেক
Summer,গ্রীষ্ম
"Summing
 Integrator","সমষ্টি
 ইন্টিগ্রেটার"
"Sum of products
 Expression","পণ্যের যোগফল
 অভিব্যক্তি"
Sum term,যোগফল
Super computer,সুপার কম্পিউটার
"Super conducting
 Memory","সুপার পরিচালনা
 স্মৃতি"
"Super conducting
 Technology","সুপার পরিচালনা
 প্রযুক্তি"
Supergroup,সুপারগ্রুপ
"Super group
 Distribution","সুপার গ্রুপ
 বিতরণ"
"Super group
Distribution
 Frame","সুপার গ্রুপ
বিতরণ
 ফ্রেম"
"Super large scale
 Integrated circuit","সুপার বড় স্কেল
 সমন্বিত বর্তনী"
"Super Nyquist
 Sampling","সুপার nyquist
 নমুনা"
"Super personal
 Computer","সুপার ব্যক্তিগত
 কম্পিউটার"
"Super script
 Character","সুপার স্ক্রিপ্ট
 চরিত্র"
Supervisor,কর্মকর্তা
Supervisor call,সুপারভাইজার কল
"Supervisor
 Program","কর্মকর্তা
 কার্যক্রম"
Supervisor state,সুপারভাইজার রাজ্য
Support chip,সমর্থন চিপ
Support program,সমর্থন প্রোগ্রাম
Suppression,দমন
"Support control
 Program","সমর্থন নিয়ন্ত্রণ
 কার্যক্রম"
Surjection,নিরস্ত
"Surveillance
 Program","নজরদারি
 কার্যক্রম"
Suspended,স্থগিত
Suspended lock,স্থগিত লক
Swap,অদলবদল
"Swap allocation
 Unit","অদলবদল বরাদ্দ
 ইউনিট"
Swap in,অদলবদল
Swaping,অদলবদল
Swap out,অদলবদল
Swap set,অদলবদল সেট
Switch,স্যুইচ
Switch cell,স্যুইচ সেল
Switch character,স্যুইচ চরিত্র
Switch code,স্যুইচ কোড
"Switch control
 Computer","সুইচ নিয়ন্ত্রণ
 কম্পিউটার"
Switched line,স্যুইচড লাইন
Switching,স্যুইচিং
Switch indicator,স্যুইচ সূচক
Switching algebra,বীজগণিত স্যুইচিং
"Switching
 Application","স্যুইচিং
 আবেদন"
Switching centre,স্যুইচিং সেন্টার
Switching circuit,স্যুইচিং সার্কিট
Switching element,স্যুইচিং উপাদান
Switching function,স্যুইচিং ফাংশন
Switching network,স্যুইচিং নেটওয়ার্ক
Switching pad,প্যাড স্যুইচিং
"Switching
 Regulator","স্যুইচিং
 নিয়ামক"
Switching speed,স্যুইচিং গতি
Switching system,স্যুইচিং সিস্টেম
Switching theory,স্যুইচিং তত্ত্ব
Switching time,স্যুইচিং সময়
Switching unit,স্যুইচিং ইউনিট
Switching variable,পরিবর্তনশীল স্যুইচিং
"Switching wave
 Form","স্যুইচিং ওয়েভ
 ফর্ম"
Switch insertion,সন্নিবেশ স্যুইচ করুন
Switch instruction,সুইচ নির্দেশ
Switch over,স্যুইচ ওভার
Switch register,স্যুইচ রেজিস্টার
Switch room,ঘর বদলাও
Switch train,স্যুইচ ট্রেন
"Syllable hyphen
 (Character)","সিলেবল হাইফেন
 (চরিত্র)"
Sylvester matrix,সিলভেস্টার ম্যাট্রিক্স
Symboint control,সিম্বোইন্ট নিয়ন্ত্রণ
Symbol,প্রতীক
Symbolic address,প্রতীকী ঠিকানা
"Symbolic
 Addressing","প্রতীকী
 সম্বোধন"
"Symbolic
 Assembler","প্রতীকী
 এসেম্বলার"
Symbolic coding,প্রতীকী কোডিং
"Symbolic
 Debugging","প্রতীকী
 ডিবাগিং"
Symbolic deck,প্রতীকী ডেক
Symbolic editor,প্রতীকী সম্পাদক
"Symbolic
 Instruction","প্রতীকী
 নির্দেশ"
"Symbolic I/O
 Assignment","প্রতীকী আই/ও
 অ্যাসাইনমেন্ট"
Symbolic language,প্রতীকী ভাষা
Symbolic logic,প্রতীকী যুক্তি
Symbolic name,প্রতীকী নাম
Symbolic notation,প্রতীকী স্বরলিপি
Symbolic number,প্রতীকী সংখ্যা
"Symbolic
 Parameter","প্রতীকী
 প্যারামিটার"
"Symbolic
 Placeholder","প্রতীকী
 স্থানধারক"
"Symbolic
 Programming","প্রতীকী
 প্রোগ্রামিং"
"Symbolic program
 System","প্রতীকী প্রোগ্রাম
 পদ্ধতি"
"Symbol
 Manipulation","প্রতীক
 হেরফের"
Symbol rank,প্রতীক র‌্যাঙ্ক
Symbol string,প্রতীক স্ট্রিং
Symbol table,প্রতীক টেবিল
Symmetric channel,প্রতিসম চ্যানেল
Symmetric circuit,প্রতিসম সার্কিট
"Symmetric
 Difference","প্রতিসম
 পার্থক্য"
"Symmetric
 Function","প্রতিসম
 ফাংশন"
Symmetric group,প্রতিসম গ্রুপ
Symmetric list,প্রতিসম তালিকা
"Symmetric list
 Processor","প্রতিসম তালিকা
 প্রসেসর"
Symmetric matrix,প্রতিসম ম্যাট্রিক্স
"Symmetric order
 Traversal","প্রতিসম আদেশ
 ট্র্যাভারসাল"
"Symmetric
 Processor","প্রতিসম
 প্রসেসর"
Symmetric relation,প্রতিসম সম্পর্ক
Symmetry group,প্রতিসম গ্রুপ
Sync bit,সিঙ্ক বিট
Sync character,সিঙ্ক চরিত্র
Synch,সিঙ্ক
Synchronization,সিঙ্ক্রোনাইজেশন
"Synchronization
 Pulse","সিঙ্ক্রোনাইজেশন
 স্পন্দন"
Synchronizer,সিঙ্ক্রোনাইজার
Synchronizing pilot,সিঙ্ক্রোনাইজিং পাইলট
"Synchronizing
 Signal","সিঙ্ক্রোনাইজিং
 সংকেত"
Synchronous,সিঙ্ক্রোনাস
"Synchronous
 Circuit","সিঙ্ক্রোনাস
 সার্কিট"
"Synchronous
 Communication","সিঙ্ক্রোনাস
 যোগাযোগ"
"Synchronous
 Computer","সিঙ্ক্রোনাস
 কম্পিউটার"
"Synchronous data
 Link","সিঙ্ক্রোনাস ডেটা
 লিঙ্ক"
"Synchronous data
 Link control","সিঙ্ক্রোনাস ডেটা
 লিঙ্ক নিয়ন্ত্রণ"
"Synchronous data
 Network","সিঙ্ক্রোনাস ডেটা
 অন্তর্জাল"
"Synchronous data
 Transfer","সিঙ্ক্রোনাস ডেটা
 স্থানান্তর"
"Synchronous data
 Transmission","সিঙ্ক্রোনাস ডেটা
 সংক্রমণ"
"Synchronous flip
 Flop circuit","সিঙ্ক্রোনাস ফ্লিপ
 ফ্লপ সার্কিট"
"Synchronous line
 Control","সিঙ্ক্রোনাস লাইন
 নিয়ন্ত্রণ"
"Synchronous
 Operation","সিঙ্ক্রোনাস
 অপারেশন"
"Synchronous
 Satellite","সিঙ্ক্রোনাস
 স্যাটেলাইট"
"Synchronous serial
 I/O Transfer","সিঙ্ক্রোনাস সিরিয়াল
 আই/ও ট্রান্সফার"
"Synchronous
 Transfer","সিঙ্ক্রোনাস
 স্থানান্তর"
"Synchronous
 Transmission","সিঙ্ক্রোনাস
 সংক্রমণ"
"Synchronous
 Working","সিঙ্ক্রোনাস
 কাজ"
Syndetic,সিন্ডেটিক
Synergetic,সিনারজেটিক
Synergic,সিনারজিক
Syntactic error,সিনট্যাকটিক ত্রুটি
Syntactic monoiod,সিনট্যাকটিক মনোইড
Syntax,বাক্য গঠন
Syntax analysis,সিনট্যাক্স বিশ্লেষণ
Syntax analyzer,সিনট্যাক্স বিশ্লেষক
Syntax checker,সিনট্যাক্স চেকার
Syntax diagram,সিনট্যাক্স ডায়াগ্রাম
"Syntax directed
 Compiler","সিনট্যাক্স নির্দেশিত
 সংকলক"
Syntax error,বাক্যগঠন ত্রুটি
Syntax language,সিনট্যাক্স ভাষা
Syntax tree,সিনট্যাক্স ট্রি
Synthetic address (= generated address),সিন্থেটিক ঠিকানা (= উত্পন্ন ঠিকানা)
Synthetic language (= source language),সিন্থেটিক ভাষা (= উত্স ভাষা)
"Sysgen (= system
 Generation)","সিসজেন (= সিস্টেম
 প্রজন্ম)"
System accounting,সিস্টেম অ্যাকাউন্টিং
System analysis,ধারা বিশ্লেষণ
System analyzer,সিস্টেম বিশ্লেষক
System analyst,সিস্টেম বিশ্লেষক
Systematic code,পদ্ধতিগত কোড
System capacity,সিস্টেম ক্ষমতা
System chart,সিস্টেম চার্ট
System check,সিস্টেম চেক
"System check
 Module","সিস্টেম চেক
 মডিউল"
System command,সিস্টেম কমান্ড
"System
 Communication
 Processing","পদ্ধতি
 যোগাযোগ
 প্রক্রিয়াজাতকরণ"
System constant,সিস্টেম ধ্রুবক
"System control
 Language","সিস্টেম নিয়ন্ত্রণ
 ভাষা"
System controller,সিস্টেম নিয়ামক
System crash,সিস্টেম ক্র্যাশ
System definition,সিস্টেম সংজ্ঞা
System design,ব্যবস্থা পরিকল্পনা
System designer,সিস্টেম ডিজাইনার
"System
 Documentation","পদ্ধতি
 ডকুমেন্টেশন"
"System
 Engineering","পদ্ধতি
 প্রকৌশল"
System error,সিস্টেম ত্রুটি
System generation,সিস্টেম জেনারেশন
System hacker,সিস্টেম হ্যাকার
System handbook,সিস্টেম হ্যান্ডবুক
"System input
 Device","সিস্টেম ইনপুট
 যন্ত্র"
System instruction,সিস্টেমের নির্দেশনা
System interface,সিস্টেম ইন্টারফেস
"System interface
 Design","সিস্টেম ইন্টারফেস
 নকশা"
System interrupt,সিস্টেম বাধা
System key,সিস্টেম কী
System language,সিস্টেম ভাষা
"System level
 Programming","সিস্টেম স্তর
 প্রোগ্রামিং"
System library,সিস্টেম লাইব্রেরি
System life cycle,সিস্টেম লাইফ সাইকেল
System loader,সিস্টেম লোডার
System log,সিস্টেম লগ
"System
 Management","পদ্ধতি
 পরিচালনা"
System modularity,সিস্টেম মডুলারিটি
"System network
 Architecture","সিস্টেম নেটওয়ার্ক
 আর্কিটেকচার"
System operator,সিস্টেম অপারেটর
"System output
 Device","সিস্টেম আউটপুট
 যন্ত্র"
"System output
 Writer","সিস্টেম আউটপুট
 লেখক"
"System
 Productivity","পদ্ধতি
 প্রমোদ"
System program,সিস্টেম প্রোগ্রাম
"System
 Programmer","পদ্ধতি
 প্রোগ্রামার"
"System
 Programming
 Language","পদ্ধতি
 প্রোগ্রামিং
 ভাষা"
System quiesce,সিস্টেম কুইসেস
System reliability,সিস্টেম নির্ভরযোগ্যতা
"System residence
 Volume","সিস্টেমের বাসস্থান
 ভলিউম"
System resident,সিস্টেমের বাসিন্দা
"System resident
 Software","সিস্টেমের বাসিন্দা
 সফটওয়্যার"
System resilience,সিস্টেমের স্থিতিস্থাপকতা
System resource,সিস্টেম রিসোর্স
"System resource
 Manager","সিস্টেম রিসোর্স
 ম্যানেজার"
System response,সিস্টেম প্রতিক্রিয়া
"System response
 Field","সিস্টেম প্রতিক্রিয়া
 ক্ষেত্র"
System restart,সিস্টেম পুনঃসূচনা
Systems approach,পদ্ধতির দ্বারস্থ
Systems design,সিস্টেম ডিজাইন
System security,সিস্টেম সুরক্ষা
Systems flow chart,সিস্টেম প্রবাহ চার্ট
Systems generation,সিস্টেম জেনারেশন
System shutdown,সিস্টেম শাটডাউন
System simulation,সিস্টেম সিমুলেশন
System slow down,সিস্টেম ধীর গতিতে
System software,অস্ত্রোপচার
"System
 Specification","পদ্ধতি
 স্পেসিফিকেশন"
Systems program,সিস্টেম প্রোগ্রাম
"Systems
 Programmer","সিস্টেম
 প্রোগ্রামার"
"Systems
 Programming","সিস্টেম
 প্রোগ্রামিং"
Systems subroutine,সিস্টেম সাবরুটাইন
System standard,সিস্টেম স্ট্যান্ডার্ড
System statistics,সিস্টেমের পরিসংখ্যান
System structure,সিস্টেম কাঠামো
System study,সিস্টেম অধ্যয়ন
System supervisor,সিস্টেম সুপারভাইজার
System table,সিস্টেম টেবিল
System task,সিস্টেম টাস্ক
System terminal,সিস্টেম টার্মিনাল
System testing,সিস্টেম পরীক্ষা
System theory,সিস্টেম তত্ত্ব
System utility,সিস্টেম ইউটিলিটি
"System utility
 Device","সিস্টেম ইউটিলিটি
 যন্ত্র"
"System utility
 Program","সিস্টেম ইউটিলিটি
 কার্যক্রম"
"System variable
 Symbol","সিস্টেম পরিবর্তনশীল
 প্রতীক"
Table element,টেবিল উপাদান
Table function,টেবিল ফাংশন
Table look-up,টেবিল চেহারা
"Table of
 Combination","টেবিল
 সংমিশ্রণ"
Table simulater,টেবিল সিমুলেটার
Tablet,ট্যাবলেট
Tabular language,সারণী ভাষা
"Tabulation
 Character","সারণী
 চরিত্র"
"Tag converting
 Device","ট্যাগ রূপান্তর
 যন্ত্র"
"Tagged
 Architecture","ট্যাগ
 আর্কিটেকচার"
Tag sort,ট্যাগ বাছাই
Tandem computer,টেন্ডেম কম্পিউটার
"Tandem data
 Circuit","ট্যান্ডেম ডেটা
 সার্কিট"
Tandem office,ট্যান্ডেম অফিস
Tandem switching,ট্যান্ডেম স্যুইচিং
Tandem system,টেন্ডেম সিস্টেম
Tandem transister,টেন্ডেম ট্রান্সিস্টার
Tandem trunk,ট্যান্ডেম ট্রাঙ্ক
"Tape bounded
 Turing Machine","টেপ আবদ্ধ
 টুরিং মেশিন"
Tape cartridge,টেপ কার্তুজ
Tape character,টেপ চরিত্র
Tape code,টেপ কোড
Tape drive,টেপ ড্রাইভ
Tape file,টেপ ফাইল
Tape format,টেপ ফর্ম্যাট
Tape input,টেপ ইনপুট
Tape label,টেপ লেবেল
Tape library,টেপ লাইব্রেরি
Tape machanism,টেপ মাচানিজম
Tape marker,টেপ চিহ্নিতকারী
Tape storage,টেপ স্টোরেজ
Tape unit,টেপ ইউনিট
Target computer,লক্ষ্য কম্পিউটার
Target language,সুনির্দিষ্ট ভাষা
Target program,লক্ষ্য প্রোগ্রাম
Target variable,লক্ষ্য পরিবর্তনশীল
Task control block,টাস্ক কন্ট্রোল ব্লক
Task management,কার্য ব্যবস্থাপনা
Task name,টাস্ক নাম
Task queue,টাস্ক সারি
Task scheduler,কাজের সূচি
Task switch,টাস্ক স্যুইচ
"Task to task
 Communication","টাস্ক টু টাস্ক
 যোগাযোগ"
Task variable,টাস্ক ভেরিয়েবল
"Technique
 Flowchart","প্রযুক্তি
 ফ্লোচার্ট"
Teleconferencing,টেলিকনফারেন্সিং
Telenet,টেলিনেট
Teleprinter,টেলিপ্রিন্টার
"Teleprocessing
 Network","টেলিপ্রসেসিং
 অন্তর্জাল"
Telescreen,দূরবীন
Teletext,টেলিটেক্সট
Teletext service,টেলিটেক্সট পরিষেবা
Teletype code,টেলিটাইপ কোড
Teletype writer,টেলিটাইপ লেখক
Tens complement,দশক পরিপূরক
Terminal,টার্মিনাল
Terminal area,টার্মিনাল অঞ্চল
Terminal cluster,টার্মিনাল ক্লাস্টার
"Terminal
 Component","টার্মিনাল
 উপাদান"
"Terminal
 Configuration
 Facility","টার্মিনাল
 কনফিগারেশন
 সুবিধা"
Terminal controller,টার্মিনাল নিয়ামক
Terminal cursor,টার্মিনাল কার্সার
"Terminal edit
 Operation","টার্মিনাল সম্পাদনা
 অপারেশন"
Terminal entry,টার্মিনাল এন্ট্রি
"Terminal
Equipment","টার্মিনাল
সরঞ্জাম"
"Terminal
 Installation","টার্মিনাল
 স্থাপন"
Terminal interchange,টার্মিনাল ইন্টারচেঞ্জ
Terminal job,টার্মিনাল কাজ
Terminal mode,টার্মিনাল মোড
"Terminal monitor
 Program","টার্মিনাল মনিটর
 কার্যক্রম"
Terminal node,টার্মিনাল নোড
Terminal port,টার্মিনাল পোর্ট
Terminal repeater,টার্মিনাল রিপিটার
Terminal room,টার্মিনাল রুম
Terminal session,টার্মিনাল সেশন
Terminal symbol,টার্মিনাল প্রতীক
Terminal unit,টার্মিনাল ইউনিট
Terminal user,টার্মিনাল ব্যবহারকারী
Termination,সমাপ্তি
"Terminator/
 Initiator","টার্মিনেটর/
 উদ্যোগী"
Terminology bank,পরিভাষা ব্যাংক
Term language,শব্দ ভাষা
Ternary code,টার্নারি কোড
Ternary logic,টের্নারি লজিক
"Ternary selector
 Gate","টার্নারি নির্বাচক
 গেট"
"Ternary threshold
 Gate","টার্নারি থ্রেশহোল্ড
 গেট"
Test and set,পরীক্ষা এবং সেট
Test bed,পরীক্ষার বিছানা
Test data generator,পরীক্ষা ডেটা জেনারেটর
Testing,পরীক্ষামূলক
Test numeric,পরীক্ষার সংখ্যা
Test program,পরীক্ষা প্রোগ্রাম
Test routine,পরীক্ষার রুটিন
Test run,পরীক্ষা রান
"Text display
 Instruction","পাঠ্য প্রদর্শন
 নির্দেশ"
Text editor,টেক্সট সম্পাদক
Text formatter,পাঠ্য ফর্ম্যাটার
Text function,পাঠ্য ফাংশন
Text processing,পাঠ্য প্রক্রিয়াকরণ
Text section,পাঠ্য বিভাগ
Text segment,পাঠ্য বিভাগ
"Text string
 Correction","পাঠ্য স্ট্রিং
 সংশোধন"
Text string search,পাঠ্য স্ট্রিং অনুসন্ধান
T-flipflop,টি-ফ্লিপফ্লপ
"T gate ( ternary
 Selector gate)","টি গেট (টার্নারি)
 নির্বাচক গেট)"
Theorem of games,গেমসের উপপাদ্য
Theorem of types,প্রকারের উপপাদ্য
Theorem proving,উপপাদ্য প্রমাণ
Thermal light,তাপ আলো
Thermal paper,তাপ কাগজ
Thermal printer,থারমাল প্রিন্টার
"Thermal transfer
 Printer","তাপ স্থানান্তর
 প্রিন্টার"
Thick film,ঘন ফিল্ম
Thick film memory,ঘন ফিল্ম মেমরি
Thin film,পাতলা ফিল্ম
Thin film memory,পাতলা ফিল্ম মেমরি
"Thin window
 Display","পাতলা উইন্ডো
 প্রদর্শন"
"Third generation
 Computer","তৃতীয় প্রজন্মের
 কম্পিউটার"
Threaded list,থ্রেডেড তালিকা
Threaded tree,থ্রেডযুক্ত গাছ
Threading,থ্রেডিং
"Three address
 Instruction","তিনটি ঠিকানা
 নির্দেশ"
"Three dimensional
 Array","ত্রিমাত্রিক
 অ্যারে"
Three state buffer,তিনটি রাজ্য বাফার
Three state output,তিনটি রাজ্য আউটপুট
"Three way
 Handshake","তিনটি উপায়
 হ্যান্ডশেক"
Threshold element,প্রান্তিক উপাদান
Threshold gate,থ্রেশহোল্ড গেট
Thue system,থু সিস্টেম
Tightly coupled,শক্তভাবে মিলিত
Time complexity,সময় জটিলতা
Time delay circuit,সময় বিলম্ব সার্কিট
Time division,সময় বিভাগ
"Time division
 Switch","সময় বিভাগ
 স্যুইচ"
Time domain,সময় ডোমেন
Time frame,সময় ফ্রেম
Time level,সময় স্তর
Time of day clock,দিনের ঘড়ির সময়
Timeout,সময় শেষ
"Time pulse
 Distribution","সময় নাড়ি
 বিতরণ"
Time quantization,সময় পরিমাণ
Timer clock,টাইমার ঘড়ি
"Time register
 (= Timer)","সময় নিবন্ধ
 (= টাইমার)"
Time response,সময় প্রতিক্রিয়া
Time scale,সময় স্কেল
Time sharing,সময় ভাগ
"Time sharing
 System","সময় ভাগ
 পদ্ধতি"
Time slicing,সময় কাটা
Time sampling,সময় নমুনা
Timing diagram,টাইমিং ডায়াগ্রাম
Timing signal,সময় সংকেত
Tip node,টিপ নোড
Toggling speed,টগলিং গতি
Token ring,টোকেন রিং
"Top down
 Development","আপাদোমোস্তোক
 উন্নয়ন"
Top down parsing,শীর্ষ ডাউন পার্সিং
Total function,মোট ফাংশন
"Totally ordered
 Structure","সম্পূর্ণ আদেশ
 কাঠামো"
Trace debugging,ট্রেস ডিবাগিং
Trace program,ট্রেস প্রোগ্রাম
Tracing routine,ট্রেসিং রুটিন
Track,ট্র্যাক
Trade secret,গোপন ব্যাবসা
Traffic control,ট্রাফিক নিয়ন্ত্রণ
Trail divisor,ট্রেইল বিভাজক
Trailer label,ট্রেলার লেবেল
Trailer record,ট্রেলার রেকর্ড
Train printer,ট্রেন প্রিন্টার
Transaction file,লেনদেন ফাইল
"Transaction
 Processing","লেনদেন
 প্রক্রিয়াজাতকরণ"
"Transborder
 Dataflow","ট্রান্সবার্ডার
 তথ্য প্রবাহ"
Transcriptive data,প্রতিলিপি ডেটা
Transducer,ট্রান্সডুসার
Transfer circuit,ট্রান্সফার সার্কিট
Transfer operation,স্থানান্তর অপারেশন
Transfer rate,স্থানান্তর হার
Transfer time,স্থানান্তর সময়
"Transfer vector
 Technique","স্থানান্তর ভেক্টর
 প্রযুক্তি"
Transfinite,ট্রান্সফিনাইট
"Transformational
 Semantics","রূপান্তরকারী
 শব্দার্থবিজ্ঞান"
"Transformation
 Monoid","রূপান্তর
 মনয়েড"
"Transformation
 Semigroup","রূপান্তর
 সেমিগ্রুপ"
Transform domain,রূপান্তর ডোমেন
Transient area,ক্ষণস্থায়ী অঞ্চল
Transient error,ক্ষণস্থায়ী ত্রুটি
Transient routine,ক্ষণস্থায়ী রুটিন
"Transistor-
 Transistor logic","ট্রানজিস্টর-
 ট্রানজিস্টর লজিক"
Transition card,ট্রানজিশন কার্ড
Transitive closure,ট্রানজিটিভ ক্লোজার
Translate duration,সময়কাল অনুবাদ
Translation,অনুবাদ
Translation table,অনুবাদ টেবিল
Translator program,অনুবাদক প্রোগ্রাম
Translator routine,অনুবাদক রুটিন
"Translator writing
 System","অনুবাদক রচনা
 পদ্ধতি"
Transliteration,লিপ্লিটারেশন
"Transmission block
 Character","সংক্রমণ ব্লক
 চরিত্র"
"Transmission
 Channel","সংক্রমণ
 চ্যানেল"
Transmission code,সংক্রমণ কোড
"Transmission
 Control character","সংক্রমণ
 নিয়ন্ত্রণ চরিত্র"
"Transmission
 Deviation","সংক্রমণ
 বিচ্যুতি"
"Transmission
 Extension","সংক্রমণ
 এক্সটেনশন"
"Transmission
 Facility","সংক্রমণ
 সুবিধা"
"Transmission
 Interface","সংক্রমণ
 ইন্টারফেস"
"Transmission
 Interruption","সংক্রমণ
 বাধা"
Transmission level,সংক্রমণ স্তর
"Transmission level
 Point","সংক্রমণ স্তর
 পয়েন্ট"
Transmission line,পরিচলন রেখা
Transmission link,সংক্রমণ লিঙ্ক
Transmission loss,সংক্রমণ ক্ষতি
"Transmission
 Medium","সংক্রমণ
 মধ্যম"
"Transmission
 Objective","সংক্রমণ
 উদ্দেশ্য"
Transmission rate,সংক্রমণ হার
"Transmission
 Service","সংক্রমণ
 পরিষেবা"
Transmission speed,সংক্রমণ গতি
Transmission system code,সংক্রমণ সিস্টেম কোড
"Transmit control
 Block","নিয়ন্ত্রণ নিয়ন্ত্রণ
 ব্লক"
Transmit data set,ডেটা সেট প্রেরণ
"Transmit flow
 Control","প্রবাহ প্রেরণ করুন
 নিয়ন্ত্রণ"
Transmit leg,পা প্রেরণ
Transmittal mode,ট্রান্সমিটাল মোড
"Transmitted 
 Information","সংক্রমণ
 তথ্য"
Transmitter,ট্রান্সমিটার
"Transmitter
 Register","ট্রান্সমিটার
 নিবন্ধন"
"Transmitter start
 Code","ট্রান্সমিটার শুরু
 কোড"
Transmultiplexer,ট্রান্সমাল্টিপ্লেক্সার
"Transparency
 Mode","স্বচ্ছতা
 মোড"
Transparent data,স্বচ্ছ ডেটা
Transparent information,স্বচ্ছ তথ্য
"Transparent text
 Mode","স্বচ্ছ পাঠ্য
 মোড"
Transmission,সংক্রমণ
Transponder,ট্রান্সপন্ডার
Transportable program (= portable program),পরিবহনযোগ্য প্রোগ্রাম (= পোর্টেবল প্রোগ্রাম)
Transport unit,পরিবহন ইউনিট
Transverse check,ট্রান্সভার্স চেক
"Transverse parity
 Check","ট্রান্সভার্স প্যারিটি
 পরীক্ষা করুন"
"Transverse
 Redundancy
 Check","ট্রান্সভার্স
 অপ্রয়োজনীয়তা
 পরীক্ষা করুন"
"Transverse
 Scanning","ট্রান্সভার্স
 স্ক্যানিং"
Trap,ফাঁদ
Trap door,ফাঁদ দরজা
Trapezium rule,ট্র্যাপিজিয়াম নিয়ম
Trapping,আটকা পড়া
Trapping mode,ট্র্যাপিং মোড
"Travelling class
 Mark","ভ্রমণ ক্লাস
 চিহ্ন"
"Travelling wave
 Tube","ভ্রমণ তরঙ্গ
 নল"
Traversal,ট্র্যাভারসাল
Traverse,ট্র্যাভার্স
Tree,গাছ
Tree automata,গাছ অটোমাতা
"Tree form
 Language","গাছের ফর্ম
 ভাষা"
Tree grammar,গাছের ব্যাকরণ
Tree language,গাছের ভাষা
Tree network,গাছের নেটওয়ার্ক
Tree search,গাছ অনুসন্ধান
Tree selection sort,গাছ নির্বাচন বাছাই
Tree sort,গাছের বাছাই
Tree structure,গাছের কাঠামো
"Tree type decoding
 Network","গাছের ধরণের ডিকোডিং
 অন্তর্জাল"
Tree walking,গাছ হাঁটা
Trend,প্রবণতা
Triad,ট্রায়াড
Trial divisor,ট্রায়াল বিভাজক
Trial run,ট্রায়াল রান
Triangular matrix,ত্রিভুজাকার ম্যাট্রিক্স
"Triangular
 Waveform","ত্রিভুজাকার
 তরঙ্গরূপ"
Tributary circuit,উপনদী সার্কিট
Tributary station,উপনদী স্টেশন
Tridiagonal matrix,ট্রাইডিয়াগোনাল ম্যাট্রিক্স
Trie search,ট্রি অনুসন্ধান
Trigger,ট্রিগার
Trigger circuit,ট্রিগার সার্কিট
Trigger level,ট্রিগার স্তর
Trip computer,ট্রিপ কম্পিউটার
"Triple length
 Working","ট্রিপল দৈর্ঘ্য
 কাজ"
Triple precision,ট্রিপল নির্ভুলতা
Triple register,ট্রিপল রেজিস্টার
Triplet,ট্রিপলেট
Tri state output,ট্রাই স্টেট আউটপুট
Trivial graph,তুচ্ছ গ্রাফ
Trojan horse,ট্রোজান ঘোড়া
"Trouble location
 Problem","সমস্যা অবস্থান
 সমস্যা"
Trouble shoot,সমস্যা অঙ্কুর
Trouble shooting,সমস্যা সমাধান
Trouble unit,সমস্যা ইউনিট
True complement (= radix compement),সত্য পরিপূরক (= র‌্যাডিক্স সমাহার)
Truncate,ছাঁটাই
Truncation,কাটা কাটা
Truncation error,কাটা ত্রুটি
Trunk,ট্রাঙ্ক
Trunk circuit,ট্রাঙ্ক সার্কিট
Trunk exchange,ট্রাঙ্ক এক্সচেঞ্জ
Trunk group,ট্রাঙ্ক গ্রুপ
Trunk hunting,ট্রাঙ্ক শিকার
Trunk order,ট্রাঙ্ক অর্ডার
Truth value,সত্য মান
T-type flip-flop,টি-টাইপ ফ্লিপ-ফ্লপ
Tumbling,টাম্বলিং
Tuning,টিউনিং
"Turing
 Computable","টুরিং
 গণনাযোগ্য"
Turing machine,টুরিং মেশিন
"Turnaround
 Document","টার্নআরউন্ড
 নথি"
"Turnaround 
 Sequence","টার্নআরউন্ড
 ক্রম"
Turnaround time,টার্নআরাউন্ড সময়
Turnkey console,টার্নকি কনসোল
Turnkey operation,টার্নকি অপারেশন
Turnkey system,টার্নকি সিস্টেম
Turtle graphics,কচ্ছপ গ্রাফিক্স
Twelve edge (= twelve punch),বারো প্রান্ত (= বারো পাঞ্চ)
Twelve punch,বারো পাঞ্চ
Twin cable,টুইন কেবল
Twin check,টুইন চেক
Twisted pair,বাঁকানো জুটি
Two address,দুটি ঠিকানা
Two address code,দুটি ঠিকানা কোড
"Two address
 Instruction","দুটি ঠিকানা
 নির্দেশ"
Two bit byte,দুটি বিট বাইট
Two channel switch,দুটি চ্যানেল সুইচ
"Two dimensional
 Array","দ্বি মাত্রিক
 অ্যারে"
"Two dimensional
 Memory","দ্বি মাত্রিক
 স্মৃতি"
"Two dimensional
 Selection system","দ্বি মাত্রিক
 নির্বাচন সিস্টেম"
"Two input adder
 (=Half adder)","দুটি ইনপুট অ্যাডার
 (= অর্ধেক সংযোজন)"
Two input subtractor (= half subtractor),দুটি ইনপুট সাবট্র্যাক্টর (= অর্ধ সাবট্র্যাক্টর)
Two level address,দুই স্তরের ঠিকানা
Two level grammar,দুই স্তরের ব্যাকরণ
Two level memory,দুই স্তরের স্মৃতি
"Two level
 Subroutine","দুই স্তর
 Subroutine"
Two norm,দুটি আদর্শ
"Two out of five
 Code","পাঁচজনের মধ্যে দুটি
 কোড"
"Two pass
 Assembler","দুটি পাস
 এসেম্বলার"
"Two plus one
 Address","দুটি প্লাস এক
 ঠিকানা"
"Two plus one 
 Address
 Instruction","দুটি প্লাস এক
 ঠিকানা
 নির্দেশ"
Two's complement,দু'জনের পরিপূরক
"Two way alternate
 Communication","দ্বি উপায় বিকল্প
 যোগাযোগ"
Two way linked list,দ্বিগুণ লিঙ্ক তালিকা
Two way merge,দুই উপায় মার্জ
"Two way
 Simultaneous
 Communication","দুই উপায়
 যুগপত
 যোগাযোগ"
Two way trunk,দ্বিগুণ ট্রাঙ্ক
Two wire circuit,দুটি তারের সার্কিট
Tymnet,টাইমনেট
Type,প্রকার
"Type o(1, 2, 3)
 Language","টাইপ ও (1, 2, 3)
 ভাষা"
Type declaration,প্রকার ঘোষণা
Type face,মুখ টাইপ করুন
Type font,ফন্ট টাইপ করুন
Type head,প্রকার মাথা
"Type out key
 Respond","কী টাইপ করুন
 প্রতিক্রিয়া"
Type over,ওভার টাইপ করুন
Type wheel,চাকা টাইপ
"Typewriter
 Terminal","টাইপরাইটার
 টার্মিনাল"
Ultra fiche,আল্ট্রা ফিচ
Ultraviolet erasing,অতিবেগুনী মুছে ফেলা
U-mode record,ইউ-মোড রেকর্ড
Unallowable digit,অযৌক্তিক অঙ্ক
Unallowable code check,অবিচ্ছিন্ন কোড চেক
Unary operation,ইউনারি অপারেশন
Unattended automatic exchange,অবিচ্ছিন্ন স্বয়ংক্রিয় বিনিময়
Unattended mode,আনটেন্ডেড মোড
"Unattended
 Operation","অপ্রচলিত
 অপারেশন"
"Unattended trail
 Printer","অপ্রচলিত ট্রেইল
 প্রিন্টার"
Unbalanced line,ভারসাম্যহীন লাইন
"Unbalanced merge
 Sort","ভারসাম্যহীন মার্জ
 সাজান"
"Unbalanced
 Modulater","ভারসাম্যহীন
 মডিউলার"
"Unbalanced wire
 Circuit","ভারসাম্যহীন তার
 সার্কিট"
Unblank,আনব্ল্যাঙ্ক
Unbunding,আনবান্ডিং
UNCOL,আনকোল
"Uncommited logic
 Array","অনাকাঙ্ক্ষিত যুক্তি
 অ্যারে"
"Uncommited 
 Storage list","অনাবৃত
 স্টোরেজ তালিকা"
"Unconditional
 Branch
 Instruction","নিঃশর্ত
 শাখা
 নির্দেশ"
"Unconditional
Jump","নিঃশর্ত
লাফ"
"Unconditional
 Jump instruction","নিঃশর্ত
 জাম্প নির্দেশ"
"Unconditional
 Statement","নিঃশর্ত
 বিবৃতি"
"Unconditional
 Transfer
 Instruction","নিঃশর্ত
 স্থানান্তর
 নির্দেশ"
Undecidable,অনর্থক
Undefined,অপরিবর্তিত
Undefined record,অপরিবর্তিত রেকর্ড
Undercode,আন্ডারকোড
Underflow,আন্ডারফ্লো
"Underflow
 Characteristic","আন্ডারফ্লো
 বৈশিষ্ট্য"
"Underflow
 Condition","আন্ডারফ্লো
 শর্ত"
"Underflow
 Exeption","আন্ডারফ্লো
 এক্সেশন"
Underlying carrier,অন্তর্নিহিত ক্যারিয়ার
Underpunch,আন্ডারপঞ্চ
Underrun,আন্ডাররুন
Underscore,আন্ডারস্কোর
"Underscore
 Character","আন্ডারস্কোর
 চরিত্র"
Undetected error,সনাক্ত করা ত্রুটি
"Undetected error
 Rate","সনাক্ত করা ত্রুটি
 রেট"
Undirected graph,অবিচ্ছিন্ন গ্রাফ
Unformatted disk,অবরুদ্ধ ডিস্ক
"Unformatted
 Display","অবরুদ্ধ
 প্রদর্শন"
"Unformatted
 Record","অবরুদ্ধ
 রেকর্ড"
"Uniformly
 Accessible
 Storage","অভিন্নভাবে
 অ্যাক্সেসযোগ্য
 স্টোরেজ"
Unigauge design,ইউনিগেজ ডিজাইন
"Unilaterally
 Connected graph","একতরফাভাবে
 সংযুক্ত গ্রাফ"
Unilateral synchronization system,একতরফা সিঙ্ক্রোনাইজেশন সিস্টেম
Union catalogue,ইউনিয়ন ক্যাটালগ
Unipolar signal,ইউনিপোলার সিগন্যাল
Uniprocessing,ইউনিপ্রোসেসিং
"Uniquely
 Decodable","অনন্যভাবে
 ডিকোডেবল"
Unit address,ইউনিট ঠিকানা
Unitary code,একক কোড
Unitary semiring,একক সেমিং
"Unit back space
 Character","ইউনিট ব্যাক স্পেস
 চরিত্র"
Unit diagnosis,ইউনিট নির্ণয়
Unit element,ইউনিট উপাদান
Uniterm,ইউনিট
Unit interval,ইউনিট বিরতি
Unit record,ইউনিট রেকর্ড
Unit record device,ইউনিট রেকর্ড ডিভাইস
"Unit separator
 Character","ইউনিট বিভাজক
 চরিত্র"
Unit string,ইউনিট স্ট্রিং
Unit testing,অংশ পরিক্ষাকরণ
Universal access,সর্ব্জনীন গ্রাহ্য
"Universal asynchronous receiver
 Transmitter","ইউনিভার্সাল অ্যাসিঙ্ক্রোনাস রিসিভার
 ট্রান্সমিটার"
Universal button box,ইউনিভার্সাল বাটন বক্স
Universal character set,সর্বজনীন চরিত্র সেট
Universal controller,ইউনিভার্সাল কন্ট্রোলার
Universal flip-flop,ইউনিভার্সাল ফ্লিপ-ফ্লপ
Universal instruction set,ইউনিভার্সাল ইন্সট্রাকশন সেট
Universal interconnecting device,ইউনিভার্সাল আন্তঃসংযোগকারী ডিভাইস
Universal operation,ইউনিভার্সাল অপারেশন
Universal quantifier,ইউনিভার্সাল কোয়ান্টিফায়ার
Universal service concept,সর্বজনীন পরিষেবা ধারণা
Universal synchronous receiver transmitter,ইউনিভার্সাল সিঙ্ক্রোনাস রিসিভার ট্রান্সমিটার
Universal turing machine,ইউনিভার্সাল টুরিং মেশিন
Unlock,আনলক করুন
Unmodified instruction,অপরিশোধিত নির্দেশনা
Unordered tree,আন্ডার্ডারড ট্রি
Unpacked decimal,আনপ্যাকড দশমিক
Unpacking,আনপ্যাকিং
"Unprotected
 Dynamic storage","অরক্ষিত
 গতিশীল স্টোরেজ"
Unprotected field,অরক্ষিত ক্ষেত্র
"Unrecoverable
 Error","অপরিবর্তনীয়
 ত্রুটি"
Unsolvable,অবিশ্বাস্য
"Unstratified
 Language","Untratified
 ভাষা"
Unsuccessful call,ব্যর্থ কল
Unused time,অব্যবহৃত সময়
Update cursor,আপডেট কার্সার
Updated file,আপডেট ফাইল
Updating,আপডেট করা
"Up-down control
 Line","আপ-ডাউন নিয়ন্ত্রণ
 লাইন"
Up- down counter,আপ-ডাউন কাউন্টার
Upper cartate,উপরের কার্টেট
Upward compatibility,Ward র্ধ্বমুখী সামঞ্জস্যতা
Upward reference,Ward র্ধ্বমুখী রেফারেন্স
User,ব্যবহারকারী
User-application network,ব্যবহারকারী-অ্যাপ্লিকেশন নেটওয়ার্ক
User area,ব্যবহারকারী অঞ্চল
User attribute,ব্যবহারকারী বৈশিষ্ট্য
User defined function,ব্যবহারকারী সংজ্ঞায়িত ফাংশন
User defined word,ব্যবহারকারী সংজ্ঞায়িত শব্দ
User facility,ব্যবহারকারী সুবিধা
User friendly,ব্যবহারকারী বান্ধব
User interface,ব্যবহারকারী ইন্টারফেস
User mode,ব্যবহারকারী মোড
User program,ব্যবহারকারী প্রোগ্রাম
User service,ব্যবহারকারী পরিষেবা
User state,ব্যবহারকারী রাষ্ট্র
User terminal,ব্যবহারকারী টার্মিনাল
Utility control console,ইউটিলিটি নিয়ন্ত্রণ কনসোল
Utility function,ইউটিলিটি ফাংশন
Utility program,ইউটিলিটি প্রোগ্রাম
Utility routine,ইউটিলিটি রুটিন
Utility system,ইউটিলিটি সিস্টেম
Uvwxy lemina,Uvwxy লেমিনা
Vacuum column,ভ্যাকুয়াম কলাম
Vacuum servo,ভ্যাকুয়াম সার্ভো
Validation,বৈধতা
Valuator device,মূল্যবান ডিভাইস
Value added network,মান যুক্ত নেটওয়ার্ক
Variable address,পরিবর্তনশীল ঠিকানা
Variable block,পরিবর্তনশীল ব্লক
Variable field,পরিবর্তনশীল ক্ষেত্র
Variable field length,পরিবর্তনশীল ক্ষেত্রের দৈর্ঘ্য
Variable field storage,পরিবর্তনশীল ক্ষেত্র স্টোরেজ
Variable format input,পরিবর্তনশীল ফর্ম্যাট ইনপুট
Variable format message,পরিবর্তনশীল ফর্ম্যাট বার্তা
Variable function generator,পরিবর্তনশীল ফাংশন জেনারেটর
Variable information,পরিবর্তনশীল তথ্য
Variable information processing,পরিবর্তনশীল তথ্য প্রক্রিয়াকরণ
Variable length record,পরিবর্তনশীল দৈর্ঘ্যের রেকর্ড
Variable length vector,পরিবর্তনশীল দৈর্ঘ্যের ভেক্টর
Variable length word,পরিবর্তনশীল দৈর্ঘ্যের শব্দ
Variable name,পরিবর্তনশীল নাম
Variable point,পরিবর্তনশীল পয়েন্ট
Variable point representation,পরিবর্তনশীল পয়েন্ট উপস্থাপনা
Variable symbol,পরিবর্তনশীল প্রতীক
Variable time scale,পরিবর্তনশীল সময় স্কেল
Variable word,পরিবর্তনশীল শব্দ
Variable word length,পরিবর্তনশীল শব্দের দৈর্ঘ্য
Variable word length computer,পরিবর্তনশীল শব্দ দৈর্ঘ্যের কম্পিউটার
Variant field,বৈকল্পিক ক্ষেত্র
Variation monitor,বিভিন্নতা মনিটর
Variplotter,ভেরিপ্লটার
Vectored interrupt,Vectorded বাধা
Vectored restart,ভেক্টরযুক্ত পুনরায় আরম্ভ
Vector generator,ভেক্টর জেনারেটর
Vector graphics,ভেক্টর গ্রাফিক্স
Vectoring,ভেক্টরিং
Vector mode graphic display,ভেক্টর মোড গ্রাফিক প্রদর্শন
Vector norm,ভেক্টর আদর্শ
Vector plotter,ভেক্টর প্ল্যাটার
Vector priority interrupt,ভেক্টর অগ্রাধিকার বাধা
Vector transfer,ভেক্টর স্থানান্তর
Veitch diagram (= karnaugh map),ভীচ ডায়াগ্রাম (= কর্নহো মানচিত্র)
Verification and validation,যাচাই এবং বৈধতা
Verification condition,যাচাইকরণ শর্ত
Verification mode,যাচাইকরণ মোড
Verifier,যাচাইকারী
Version number,সংস্করণ সংখ্যা
Vertical check,উল্লম্ব চেক
Vertical feed,উল্লম্ব ফিড
Vertical format,উল্লম্ব বিন্যাস
Vertical format unit,উল্লম্ব ফর্ম্যাট ইউনিট
Vertical microinstruction,উল্লম্ব মাইক্রোইনস্ট্রাকশন
Vertical processor,উল্লম্ব প্রসেসর
Vertical recording,উল্লম্ব রেকর্ডিং
Vertical redundancy check,উল্লম্ব রিডানডেন্সি চেক
Vertical service,উল্লম্ব পরিষেবা
Vertical table,উল্লম্ব টেবিল
Vertical tabulation character,উল্লম্ব ট্যাবুলেশন চরিত্র
Very large scale integration,খুব বড় আকারের সংহতকরণ
VFFT (voice frequency facility terminal),ভিএফএফটি (ভয়েস ফ্রিকোয়েন্সি সুবিধা টার্মিনাল)
VFTS (voice frequency telegraph system),ভিএফটিএস (ভয়েস ফ্রিকোয়েন্সি টেলিগ্রাফ সিস্টেম)
Video bandwidth,ভিডিও ব্যান্ডউইথ
Video camera,ভিডিও ক্যামেরা
Video cassette,ভিডিও ক্যাসেট
Video conferencing,ভিডিও কনফারেন্সিং
Video data integarator,ভিডিও ডেটা ইন্টেগ্রেটার
Videodisk,ভিডিওডিস্ক
Video game,ভিডিও গেম
Video generator,ভিডিও জেনারেটর
Video graph,ভিডিও গ্রাফ
Videographic display,ভিডিওগ্রাফিক প্রদর্শন
Video signal,ভিডিও সিগন্যাল
Video terminal,ভিডিও টার্মিনাল
Viewdata,ভিউডাটা
View point,পয়েন্ট দেখুন
Virtual address,ভার্চুয়াল ঠিকানা
Virtual address space,ভার্চুয়াল ঠিকানা স্থান
Virtual call facility,ভার্চুয়াল কল সুবিধা
Virtual call service,ভার্চুয়াল কল পরিষেবা
Virtual circuit,ভার্চুয়াল সার্কিট
Virtual computing system,ভার্চুয়াল কম্পিউটিং সিস্টেম
Virtual connection,ভার্চুয়াল সংযোগ
Virtual console function,ভার্চুয়াল কনসোল ফাংশন
Virtual copy,ভার্চুয়াল অনুলিপি
Virtual machine,ভার্চুয়াল মেশিন
Virtual memory,ভার্চুয়াল মেমরি
Virtual processing time,ভার্চুয়াল প্রসেসিং সময়
Virtual push button,ভার্চুয়াল পুশ বোতাম
Virtual route,ভার্চুয়াল রুট
Virtual space,ভার্চুয়াল স্পেস
Virtual storage,ভার্চুয়াল স্টোরেজ
Virtual storage access method,ভার্চুয়াল স্টোরেজ অ্যাক্সেস পদ্ধতি
Virtual storage management,ভার্চুয়াল স্টোরেজ ম্যানেজমেন্ট
Virtual telecommunication access method,ভার্চুয়াল টেলিযোগাযোগ অ্যাক্সেস পদ্ধতি
Virtual terminal,ভার্চুয়াল টার্মিনাল
Visible file,দৃশ্যমান ফাইল
Virtual volume,ভার্চুয়াল ভলিউম
Visual display,চাক্ষুষ প্রদর্শন
Visual display unit,চাক্ষুষ প্রদর্শন ইউনিট
Visual enquiry station,ভিজ্যুয়াল ইনকয়েরি স্টেশন
Visual scanner,ভিজ্যুয়াল স্ক্যানার
Viterbi decoding,ভিটারবি ডিকোডিং
VLSI (very large scale integration),ভিএলএসআই (খুব বড় আকারের সংহতকরণ)
V mode record,ভি মোড রেকর্ড
Vocabulary,শব্দভাণ্ডার
Voice band,ভয়েস ব্যান্ড
Voice channel,ভয়েস চ্যানেল
Voice frequency equipment,ভয়েস ফ্রিকোয়েন্সি সরঞ্জাম
Voice grade channel,ভয়েস গ্রেড চ্যানেল
Voice input and output,ভয়েস ইনপুট এবং আউটপুট
Voice message system,ভয়েস বার্তা সিস্টেম
Voice unit,ভয়েস ইউনিট
Volatile file,উদ্বায়ী ফাইল
Volatile memory,উদ্বায়ী স্মৃতি
Volatile storage,উদ্বায়ী স্টোরেজ
Voltera integral equation,ভোল্টেরার ইন্টিগ্রাল সমীকরণ
Volume serial number,ভলিউম সিরিয়াল নম্বর
Volume switch procedure,ভলিউম সুইচ পদ্ধতি
Volume test,ভলিউম পরীক্ষা
Voluntary interrupt,স্বেচ্ছাসেবী বাধা
VTOC (volume table of contents),ভিটিওসি (সামগ্রীর ভলিউম সারণী)
Wafering,ওয়েফারিং
Waiting time,অপেক্ষা করার সময়
Wait list,অপেক্ষা করুন তালিকা
Wait operation,অপারেশন অপেক্ষা করুন
Wait time,অপেক্ষা সময়
Walk through,মাধ্যমে হাঁটা
Walsh analysis,ওয়ালশ বিশ্লেষণ
Walsh function,ওয়ালশ ফাংশন
Walsh transform,ওয়ালশ ট্রান্সফর্ম
Warm start (= restart),উষ্ণ শুরু (= পুনরায় চালু)
Warm up time,সময় উষ্ণ
Watchdog timer,সময় নির্ণায়ক পাহরাদার
Waveform generator,ওয়েভফর্ম জেনারেটর
Wave guide,তরঙ্গ গাইড
Wavelength multiplexing,তরঙ্গদৈর্ঘ্য মাল্টিপ্লেক্সিং
Weakest precondition,দুর্বলতম পূর্বশর্ত
Weighted connected graph,ওজনযুক্ত সংযুক্ত গ্রাফ
Weighted code,ওজনযুক্ত কোড
Weighted graph,ওজনযুক্ত গ্রাফ
Weighted least squares,ওজনযুক্ত কমপক্ষে স্কোয়ার
Well formed formula,ভাল গঠিত সূত্র
Wide area network,প্রশস্ত অঞ্চল নেটওয়ার্ক
Wideband,ওয়াইডব্যান্ড
Wide band channel,প্রশস্ত ব্যান্ড চ্যানেল
Winchester technology,উইনচেস্টার প্রযুক্তি
Window,জানলা
Windowing,উইন্ডিং
Wire centreing,তারের কেন্দ্র
Wired logic,তারযুক্ত যুক্তি
Wired program computer,তারযুক্ত প্রোগ্রাম কম্পিউটার
Wire frame,তারের ফ্রেম
Wireless terminal,ওয়্যারলেস টার্মিনাল
Wire printer,তারের প্রিন্টার
Wire storage,তারের স্টোরেজ
Wire wrapping,তারের মোড়ানো
Word capacity,শব্দ ক্ষমতা
Word counter,শব্দ কাউন্টার
Word index,শব্দ সূচক
Word key,শব্দ কী
Word mark,শব্দ চিহ্ন
Word oriented,শব্দমুখী
Word pattern,শব্দ প্যাটার্ন
Word period,শব্দ সময়কাল
Word processing,শব্দ প্রক্রিয়াকরণ
Word processing equipment,ওয়ার্ড প্রসেসিং সরঞ্জাম
Word processor,ওয়ার্ড প্রসেসর
Word size (= word length),শব্দের আকার (= শব্দের দৈর্ঘ্য)
Word space,শব্দ স্থান
Word time,শব্দ সময়
Word time computer,শব্দ সময় কম্পিউটার
Word underscore character,শব্দের আন্ডারস্কোর চরিত্র
Word wrapping,শব্দ মোড়ানো
Work area,কর্মস্থান
Work cycle,কাজের চক্র
Work file,কাজের ফাইল
Working area (=work area),কর্মক্ষেত্র (= কাজের ক্ষেত্র)
Working equipment,কাজের সরঞ্জাম
Working memory,ভটক্সটভটক্স
Working routine,কাজ রুটিন
Working set,ওয়ার্কিং সেট
Working space,কাজের জায়গা
Working storage (= working space),ওয়ার্কিং স্টোরেজ (= কার্যকারী স্থান)
Work process schedule,কাজের প্রক্রিয়া সময়সূচী
Work queue entry,কাজের সারি এন্ট্রি
Work session,ওয়ার্ক সেশন
Work space,কাজের জায়গা
Work stack,কাজের স্ট্যাক
Work station,ওয়ার্ক স্টেশন
Work unit,কাজের একক
Work volume,কাজের পরিমাণ
Wrap around,চারপাশে মোড়ানো
Wrap capability,মোড়ানো ক্ষমতা
Write,লিখুন
Writeable control store,লিখনযোগ্য নিয়ন্ত্রণ স্টোর
Write control line,নিয়ন্ত্রণ লাইন লিখুন
Write cycle time,চক্র সময় লিখুন
Write enable,লিখুন সক্ষম করুন
Write enable ring,রিং সক্ষম করুন লিখুন
Write error,ত্রুটি লিখুন
Write interval,অন্তর লিখুন
Write key,কী লিখুন
Write key field,মূল ক্ষেত্র লিখুন
Write memory lock,মেমরি লক লিখুন
Write process read,প্রক্রিয়া লিখুন
Write protection,সুরক্ষা লিখুন
Write rate,লেখার হার
Write read head,হেড রিড লিখুন
Write ring,রিং লিখুন
Write time,সময় লিখুন
Writing rate,লেখার হার
Writing speed,লেখার গতি
Writing tube,লেখার টিউব
Writing white read,সাদা পড়া লেখা
Xzero address,Xzero ঠিকানা
Xzero address code,Xzero ঠিকানা কোড
Xzero address instruction,Xzero ঠিকানা নির্দেশ
Zero bit,শূন্য বিট
Zero centre,জিরো সেন্টার
Zero complement,শূন্য পরিপূরক
Zero compression,শূন্য সংকোচনের
Zero condition,শূন্য অবস্থা
Zero count interrupt,শূন্য গণনা বাধা
Zero elimination,শূন্য নির্মূল
Zero fill,শূন্য ভরাট
Zero flag,শূন্য পতাকা
Zero function,শূন্য ফাংশন
Zero level address,শূন্য স্তরের ঠিকানা
Zero level addressing,শূন্য স্তর ঠিকানা
Zero page addressing,শূন্য পৃষ্ঠা ঠিকানা
Zero proof,শূন্য প্রমাণ
Zero punch,জিরো পাঞ্চ
Zero state,জিরো স্টেট
Zero suppression character,শূন্য দমন চরিত্র
Zero suppression (=zero elimination),শূন্য দমন (= শূন্য নির্মূল)
Zero word,শূন্য শব্দ
Zone bit,জোন বিট
Zone punch,জোন পাঞ্চ
Zoom in,প্রসারিত করো
Zooming,জুমিং
Zoom out,ছোট করা
