Tamil,Assamese
வெஸ்ட்மின்ஸ்டர் அபே,ৱেষ্টমিনিষ্টাৰৰ এবে
துறவு,এবডিটৰী
அடிமைத்தனத்தை ஒழித்தல்,দাসত্ব বিলুপ্ত কৰা
பழங்குடியினர்,আদিবাসী
ஆபிரகாம் சகாப்தம்,আব্ৰাহাম যুগ
இல்லாத நில உரிமையாளர்கள்,অনুপস্থিত ঘৰৰ মালিক
கலைக்கூடம்,একাডেমী
அக்ரா மாநாடு,আক্ৰা সন্মিলন
திரட்டல்கள்,এক্ৰুৱেল
வளர்ப்பு,সংস্কৃতিকৰণ
அசெல்டாமா,এচেলডামা
அச்சேயன் (=ஆச்சியன்),আখিয়ান (=আচিয়ান)
அச்சேயன் லீக் (=ஆச்சியன் லீக்),আচায়ান লীগ (=আচিয়ান লীগ)
அக்ரோபோலிஸ்,এক্ৰ&#39;পলিছ
ஆக்டா டைர்னா,এক্টা ডিউৰ্না
ஆக்டா செனடஸ்,এক্টা চেনেটাছ
Acte Additionel,এক্টে এডিচনেল
செயலில் உள்ள பதிவு (=தற்போதைய பதிவு),সক্ৰিয় ৰেকৰ্ড (=বৰ্তমান ৰেকৰ্ড)
அடையும் செயல்,প্ৰাপ্তিৰ কাৰ্য্য
இழப்பீடு மற்றும் மறதியின் செயல்,ক্ষতিপূৰণ আৰু বিস্মৃতিৰ আইন
தீர்வு சட்டம்,বন্দোবস্তৰ আইন
விளம்பர ஒப்பந்த முத்திரை,এড কন্ট্ৰেক্টাছ ছীল
அதுலமைட்டுகள்,এডুলামাইটছ
எதிரி,বিৰোধী
எதிரி,বিৰোধী
ஏயோன்,ইয়ন
ஏரேரியம்,এৰেৰিয়াম
வான்வழிப் போர்,আকাশী যুদ্ধ
ஏட்டோலியன் லீக்,এটলিয়ান লীগ
வயது,বয়স
முதுமை (=வயதான),বয়স বৃদ্ধি (=বৃদ্ধাৱস্থা)
வயதான செயல்முறை,বয়স বৃদ্ধিৰ প্ৰক্ৰিয়া
அகெலாய்,আগেলাই
வீரத்தின் வயது,অশ্বাৰোহীৰ যুগ
அறிவாற்றல் வயது,এজ অৱ ইংলাইটমেণ্ট
பெரிக்கிள்ஸ் வயது,পেৰিক্লিছৰ বয়স
பகுத்தறிவு வயது,যুক্তিৰ বয়স
விவசாயம்,কৃষিবাদ
விவசாய இயக்கம்,কৃষি আন্দোলন
அல்பியன்,এলবিয়ন
ஆல்பம்,এলবাম
ஆல்டர்மேன்,এলডাৰমেন
கவர்ச்சியான ஆயுதங்கள்,আলোকসজ্জা বাহু
அமிட்டி,এমিটি
ஆம்ஃபிக்டியோனிக் கவுன்சில்,এম্ফিক্টয়নিক কাউন্সিল
ஆம்ஃபிக்டியோனிக் லீக்,এম্ফিক্টয়নিক লীগ
ஆம்பிதியேட்டர்,এম্ফিথিয়েটাৰ
அம்ரி நல் குழு (மட்பாண்டங்கள்),অমৰি নল গোট (মৃৎশিল্পৰ)
அனாக்ரோனிசம்,এনাক্ৰ’নিজম
காலமற்ற,এনাক্ৰ’নিষ্টিক
மூதாதையர்,পূৰ্বপুৰুষ
முன்னோர் வழிபாடு,পূৰ্বপুৰুষ পূজা
பரம்பரை,বংশ
பரம்பரை,বংশ
பரம்பரை,বংশ
பரம்பரை,বংশ
பண்டைய ஆட்சி,Ancien শাসন ব্যৱস্থা
பண்டைய,পৌৰাণিক
பழங்கால பாலாட்,প্ৰাচীন বেলাড
பண்டைய நம்பிக்கை,প্ৰাচীন বিশ্বাস
பண்டைய வழக்கம்,প্ৰাচীন প্ৰথা
பண்டைய வரலாறு,প্ৰাচীন ইতিহাস
பழங்கால நினைவுச்சின்னங்கள்,প্ৰাচীন কীৰ্তিচিহ্ন
சிறுகதை,উপাখ্যান
ஏஞ்சலோட்,এঞ্জেলট
ஏஞ்சலஸ்,এঞ্জেলছ
ஆஞ்செவின் (=அஞ்செவின்),এঞ্জেভিন (=anjevin)
கோணங்கள்,কোণ
ஆங்கிலிகன்,এংলিকান
ஆங்கிலிகன் ஒற்றுமை,এংলিকান কমিউনিয়ন
ஆங்கிலிக்கனிசம்,এংলিকানিজম
ஆங்கிலோ-போப்,এংলো-ফ’ব
ஆங்கிலோ-ஃபோபியா,এংলো-ফ’বিয়া
ஆங்கிலோ-சாக்சன்,এংলো-চেক্সন
ஆங்கிலோ-சாக்சோனிசம்,এংলো-চেক্সনবাদ
அன்னாலிஸ்ட்,এনালিষ্ট
அன்னல்,এনালছ
இணைப்பு,সংলগ্নকৰণ
ஆன்டி-பெல்லம்,এণ্টে-বেলাম
முன் தேதி,এণ্টে তাৰিখ
மதகுருத்துவத்திற்கு எதிரானது,কেৰাণীবাদ বিৰোধী
மதகுருவுக்கு எதிரான சட்டம்,কেৰাণী বিৰোধী আইন
பழமை,প্ৰাচীনতা
எதிர்ப்பு வாடகை,ভাড়া বিৰোধী
எதிர்ப்பு வாடகை,ভাড়া বিৰোধী
யூத எதிர்ப்பு,চেমিটিজম বিৰোধী
அன்சாக்,এঞ্জেক
அப்பெல்லா,এপেলা
அரலு,আৰালু
பேராயர்,আৰ্ক বিচপ
ஆர்ச் டச்சி,আৰ্ক ডাচি
ஆர்ச் டியூக்,আৰ্ক ড্যুক
காப்பகம் (=காப்பக சேகரிப்பு),আৰ্কাইফ (=আৰ্কাইভ সংগ্ৰহ)
ஆர்க்கிபிஸ்கோபேட்,আৰ্কিপিস্কোপেট
பிரபுத்துவம்,অভিজাত শ্ৰেণী
பிரபு,অভিজাত
பிரபுத்துவ ஸ்னோபரி,অভিজাত স্নোবৰী
அரிஸ்டாட்டிலியன்,এৰিষ্ট&#39;টেলিয়ান
அர்மடா,আৰ্মাডা
அர்மடா (=ஸ்பானிய அர்மடா),আৰ্মাডা (=স্পেনিছ আৰ্মাডা)
கவசக்காரர் (=கவசக்காரர்),আৰ্মৰিষ্ট (=armourist)
கவசம் (=கவசம்),কৱচ (=কৱচ)
ஆயுதக்கடைக்காரர்,আৰ্মৰিষ্ট
ஆர்யன்,আৰ্য্য
ஆர்யன்,আৰ্য্য
அஸ்காரி,আস্কৰী
ஒதுக்கு,Assignat
உதவு,Assize
உதவு,Assize
உதவு,Assize
ஆயுதச் சட்டம்,এছাইজ অৱ আৰ্মছ এক্ট
அசிஸ் ஆஃப் டேரின் பிரசன்ட்மென்ட்,ডেৰেইন প্ৰেজেণ্টমেণ্টৰ এছাইজ
மோர்ட் &#39;டி&#39; மூதாதையரின் அசிஸ்,মৰ্ট &#39;ডি&#39; পূৰ্বপুৰুষৰ এছাইজ
நாவல் Disseisin Assize,নভেল ডিচেইচিনৰ এছাইজ
கொடுமை,অত্যাচাৰ
தாக்குதல்,আক্ৰমণ
ஆலிக் கவுன்சில்,অলিক কাউন্সিল
கோடரியின் கோடாரி (=கெடெஸ் கோடாரி),গেডেছৰ কুঠাৰ (=গেডেছৰ কুঠাৰ)
அச்சு (=ரோம்-பெர்லின்-டோக்கியோ அச்சு),অক্ষ (=ৰোম-বাৰ্লিন-টকিঅ&#39; অক্ষ)
பாபிலோன்,বেবিলন
பாபிலோனிய சிறைப்பிடிப்பு (=பாபிலோனிய சிறைப்பிடிப்பு),বেবিলনৰ বন্দীত্ব (=বেবিলনৰ বন্দীত্ব)
பச்சனல் பக்தர்,বচনাল ভক্ত
பச்சனாலியா,বাচনালিয়া
இளங்கலை,অবিবাহিত লোক
பாக்தாத் ஒப்பந்தம்,বাগদাদ চুক্তি
பால்கன் லீக்,বাল্কন লীগ
பால்கன் ஒப்பந்தம்,বাল্কন চুক্তি
பால்கன் போர்கள்,বাল্কন যুদ্ধ
பால்டிக் ஒப்பந்தம்,বাল্টিক চুক্তি
கொள்ளைக்காரன்,ডাকাত
பாண்டுங் மாநாடு,বাণ্ডুং সন্মিলন
நாடுகடத்தல்,নিৰ্বাসন
பதாகை,বেনাৰ
காட்டுமிராண்டித்தனம்,বৰ্বৰ
பார்பிகன்,বাৰ্বিকান
பர்தோலி சத்தியாகிரகம்,বৰদলৈ সত্যাগ্ৰহ
பார்ன் பர்னர்ஸ்,বাৰ্ন বাৰ্নাৰ্ছ
பரோன்,বেৰন
பாரோனேஜ்,বেৰনেজ
பரோன்ஸ் மேஜர்கள்,বেৰনছ মেজৰ
பரோன்ஸ் மைனர்கள்,বেৰনেছ নাবালক
பரோனஸ்,বেৰনেছ
பரோனெட்,বেৰনেট
பரோனேடேஜ்,বেৰনেটেজ
பரோனேடேஜ்,বেৰনেটেজ
பேரோனெட்டி,বেৰনেটচি
பேரோனி,বেৰনি
பாராகூன்,বেৰাকুন
பாராகூன்,বেৰাকুন
தடுப்பு (=பேரிகாடோ),বেৰিকেড (=barricade)
தடுப்பு (=பேரிகாடோ),বেৰিকেড (=barricade)
தடுப்பு (=பேரிகாடோ),বেৰিকেড (=barricade)
அடிப்படை முகாம்,বেচ কেম্প
பேராலயம்,বেচিলিকা
பேராலயம்,বেচিলিকা
பஸ்திலா,বাষ্টিলা
பாஸ்டில்,বেষ্টিল
பாஸ்டில்,বেষ্টিল
மின்கலம்,বেটাৰি
போர்,যুদ্ধ
போர்-வரிசை,বাটলে-এৰে
யுத்த அழுகுரல்,যুদ্ধৰ চিঞৰ
போர் டின்,যুদ্ধৰ ডিন
போர்க்களம்,যুদ্ধক্ষেত্ৰ
போர் பாடல்,যুদ্ধ গীত
ஸ்பர்ஸ் போர்,স্পাৰ্ছৰ যুদ্ধ
ஸ்டாண்டர்ட் போர்,ষ্টেণ্ডাৰ্ডৰ যুদ্ধ
போர்க்கப்பல்,যুদ্ধজাহাজ
போர்க்கப்பல்-வலிமை,যুদ্ধজাহাজ-শক্তি
பேயுக்ஸ் சீலை,Bayeux টেপেষ্ট্ৰি
கலங்கரை விளக்கம்,বিকন
கலங்கரை விளக்கம் கோபுரம்,বিকন টাৱাৰ
பீவர்,বিভাৰ
பீவர்,বিভাৰ
கடலின் பிச்சைக்காரர்கள்,সাগৰৰ ভিক্ষাৰী
பெல்லிகோஸ்,বেলিকোজ
பெல்லிகோஸ்,বেলিকোজ
பெல்லிகோஸ்,বেলিকোজ
பெல்கோசிட்டி,বেলিকোচিটি
பெல்லோனா,বেলোনা
நன்மை,বেনিফিচ
குருமார்களின் பலன்,ধৰ্মগুৰুসকলৰ লাভ
பெனலக்ஸ்,বেনেলাক্স
பெர்லின் ஆணை,বাৰ্লিন ডিক্রী
பெர்சர்கர்,Berserker
பெசன்ட் (=பெசண்ட்),Besant (=বেজান্ট)
பெத்தேல்,বেথেল
நூலாசிரியர்,বিব্লিঅ&#39;লেটাৰ
புத்தக வழிபாடு,গ্ৰন্থবিজ্ঞান
பெரிய பெர்தா,বিগ বাৰ্থা
மதவெறி,কুসংস্কাৰ
பில்லெட்டிங்,বিলেটিং
பில்,বিল অৱ এটেইণ্ডাৰ
உரிமைகள் மசோதா,অধিকাৰৰ বিল
வாழ்க்கை வரலாற்றாசிரியர்,জীৱনীকাৰ
பிறப்பு கதைகள்,জন্মৰ কাহিনী
Bivouac,বিভক
Bivouac,বিভক
Bivouac,বিভক
பிசோனியா,বিজোনিয়া
கருப்பு பறவைகள்,ক&#39;লা চৰাই চোৱা
கருப்பு கொடி,ক&#39;লা পতাকা
கருந்துளை,ব্লেক হোল
கருந்துளை,ব্লেক হোল
கருப்பு கால் (=சிரங்கு),ক&#39;লা ভৰি (=scab)
கருப்பு சட்டை,ক&#39;লা চাৰ্ট
பிளேசன்,ব্লেজন
பிளேசன்,ব্লেজন
பிரகாசம்,ব্লেজনাৰী
பிரகாசம்,ব্লেজনাৰী
பிளிட்ஸ்கிரீக்,ব্লিটজক্ৰিগ
இரத்தமில்லாத புரட்சி (=புகழ்பெற்ற புரட்சி),ৰক্তহীন বিপ্লৱ (=গৌৰৱময় বিপ্লৱ)
இரத்தம் கொண்டவர்,ব্লাডৱাইট
ப்ளடி மேரி,ব্লাডি মেৰী
நீலம்,নীলা
நீல இரத்தம்,নীলা তেজ
நீல புத்தகம்,নীলা কিতাপ
நீல தலைப்பட்டை,নীলা ফিতা
நீல தலைப்பட்டை,নীলা ফিতা
ப்ளூஸ் (=ராயல் குதிரை காவலர்கள்),ব্লুজ (=ৰয়েল হৰ্চ গাৰ্ড)
நீல நிற சட்டை,নীলা চাৰ্ট
நீல நீர் பள்ளி,ব্লু ৱাটাৰ স্কুল
கட்டுப்பாட்டு வாரியம்,নিয়ন্ত্ৰণ ব’ৰ্ড
உடல் கவசம்,শৰীৰৰ কৱচ
போயர்,ব&#39;ৰ
கொள்ளை,লুটপাত
பெருநகரம்,বৰো
பவுல்யூடெரியன்,Bouleuterion
போர்பன்,বোৰ্বন
குத்துச்சண்டை வீரர் கிளர்ச்சி,বক্সাৰ বিদ্ৰোহ
பிரேஸ்,ব্ৰেচ
பிராசர்ட்,ব্ৰাছাৰ্ড
பிராசர்ட்,ব্ৰাছাৰ্ড
ரொட்டி காலனிகள்,ব্ৰেড কলনী
மார்பக தட்டு,ব্ৰেষ্ট প্লেট
மார்பக வேலை,স্তনৰ কাম
ப்ரெட்வால்டா,ব্ৰেটৱাল্ডা
பிரிகாண்ட்,ব্ৰিগাণ্ড
பிரிகாண்டேஜ்,ব্ৰিগেণ্ডেজ
பிரிட்டிஷ் காமன்வெல்த் நாடுகள்,ব্ৰিটিছ কমনৱেলথ অৱ নেচনছ
பிரவுன் ஷர்ட்ஸ் (=நாஜிக்கள்),ব্ৰাউন চাৰ্ট (=নাজী)
பிரஸ்ஸல்ஸ் உடன்படிக்கை (ஒப்பந்தம்) அமைப்பு (=மேற்கு ஐரோப்பிய ஒன்றியம்),ব্ৰাছেলছ সন্ধি (পেক্ট) সংগঠন (=পশ্চিম ইউৰোপীয় সংঘ)
பஃப்,বাফ
பஃப்,বাফ
பஃப்-கோட்,বাফ-কোট
பஃப்ஸ்,বাফছ
புலே (=சபை),বুলে (=পৰিষদ)
பர்கேஜ்,বাৰ্গেজ
பர்கெஸ்,বাৰ্জেছ
பைசண்டைன்,বাইজেন্টাইন
பைசண்டைன் தேவாலயம்,বাইজেন্টাইন গীৰ্জা
பைசண்டைன் பேரரசு,বাইজেন্টাইন সাম্ৰাজ্য
பைசண்டைன் சகாப்தம்,বাইজেন্টাইন যুগ
பைசண்டைன் வரலாற்றாசிரியர்கள்,বাইজেন্টাইন ইতিহাসবিদ
கபால்,কেবাল
சீசரிசம்,ছিজাৰীজম
கலீஃபா,খলিফা
எழுத்தாளன்,কেলিগ্ৰাফাৰ
கையெழுத்து எழுதுபவர்,কেলিগ্ৰাফিষ্ট
எழுத்துக்கலை,কেলিগ্ৰাফী
கால்ட்ராப்,কেলট্ৰপ
தோழமை,সতীৰ্থতা
கேமரிலா,কেমাৰিলা
கேமரிலா,কেমাৰিলা
கேமலாகம்,কেমেলাকম
உருமறைப்பு,ছদ্মবেশ
பிரச்சாரம்,অভিযান
முகாம் பின்பற்றுபவர்,কেম্প অনুগামী
காம்போ சாண்டோ,কেম্পো ছান্টো
மார்டியஸ் வளாகம்,কেম্পাছ মাৰ্চিয়াছ
கேனபோரா,কেনেফোৰা
கங்கு,কেংগু
பீரங்கி,কেননেড
பீரங்கி தீவனம்,কামানৰ ঘাঁহ
நியதி,কেনন
நியதி சட்டம்,কেনন আইন
கனோபஸ் ஆணை,কেন&#39;পাছৰ ডিক্রী
ஆயுதங்களை ஏந்துதல்,কেনটিং আৰ্মছ
கைதி,বন্দী
பிடிப்பவன்,বন্দী
கார்டினல்,কাৰ্ডিনেল
கார்ல்,কাৰ্ল
கரோலிங்கியன் வம்சம்,কেৰ&#39;লিঞ্জিয়ান বংশ
கார்த்தூசியன் பிரிவு,কাৰ্থুছিয়ান পন্থা
கார்டோசா,কাৰ্টোছা
காஸ்ட்லியன்,কেষ্টেলিয়ান
காஸ்ட்லியன்,কেষ্টেলিয়ান
சாதி அமைப்பு,জাতি ব্যৱস্থা
கோட்டை,দুৰ্গ
கோட்டை,দুৰ্গ
கோட்டை நகரம்,কেছল টাউন
காஸ்ட்ரா,কাষ্ট্ৰা
காஸ்ட்ரா,কাষ্ট্ৰা
கதீட்ரா,কেথেড্ৰা
கதீட்ரல்,কেথেড্ৰেল
கேட்டோ ஸ்ட்ரீட் சதி,কেটো ষ্ট্ৰীটৰ ষড়যন্ত্ৰ
காடிலோ,কৌডিলো
காவலர்,কেভেলিয়াৰ
காவலர்,কেভেলিয়াৰ
கவாலியர் பாராளுமன்றம்,কেভেলিয়াৰ সংসদ
அதுலாம் குகை,আদুল্লামৰ গুহা
குகை ஓவியம்,গুহা চিত্ৰকলা
குகை ஓவியம்,গুহা চিত্ৰকলা
சென்டம்விர்,চেণ্টুমভিৰ
செஞ்சுரியன்,চেঞ্চুৰিয়ান
நூற்றாண்டு,শতিকা
சங்கிலி கவசம் (=செயின் மெயில்),চেইন আৰ্মৰ (=চেইন মেইল)
சாந்த்ரி,চান্ট্ৰী
சாந்த்ரி,চান্ট্ৰী
அத்தியாய புத்தகம்,চ্যাপ কিতাপ
சாப்ளின்,চেপলিন
அத்தியாயம்,অধ্যায়
விபத்துகளின் அத்தியாயம்,দুৰ্ঘটনাৰ অধ্যায়
கட்டணம்,চাৰ্জ
பொறுப்பாளர்கள்,চাৰ্জ ডি এফেয়াৰ্ছ
கட்டணம் பிரித்தல்,চাৰ্জ পাৰ্টিং
சார்ஜர்,চাৰ্জাৰ
தேர்,ৰথ
தேரோட்டி,ৰথী
தேரோட்டி,ৰথী
தேரோட்டி,ৰথী
தொண்டு சமையலறை,চেৰিটি কিচেন
சாசனம்,চনদ
சார்டிஸ்ட் இயக்கம் (=சார்டிசம்),চাৰ্টিষ্ট আন্দোলন (=চাৰ্টিষ্ট)
சார்ட்டோபிலாசியம்,চাৰ্ট’ফাইলেচিয়াম
அரட்டை,চেট&#39;
செக் போஸ்ட்,পোষ্ট চেক কৰক
இரசாயனப் போர்,ৰাসায়নিক যুদ্ধ
செஸ்டர்,চেষ্টাৰ
முதல்வர்,প্ৰধান
தலைவன்,মুখীয়াল
தலைவன்,মুখীয়াল
தலைவன்,মুখীয়াল
சிஃப்பான்,চিফন
வீரம்,অশ্বাৰোহীতা
தேர்ந்தெடுக்கப்பட்ட மக்கள்,নিৰ্বাচিত লোকসকল
கிறிஸ்மோகிராஃபியன்,ক্ৰীছমোগ্ৰাফী
கிறிஸ்தவமண்டலம்,খ্ৰীষ্টান ধৰ্ম
கிறிஸ்தவ சகாப்தம்,খ্ৰীষ্টান যুগ
கிறிஸ்தவ சோசலிசம்,খ্ৰীষ্টান সমাজবাদ
நாளாகமம்,ক্ৰনিকল
க்ரோனிக்லர்,ক্ৰনিকলাৰ
கிரைஸ் செர்சோனீஸ்,ক্ৰাইজ চেৰ্চোনিজ
சிமிலியம்,চিমেলিয়াম
Cinquecento உடை,Cinquecento শৈলী
சுற்றறிக்கை,প্ৰদক্ষিণ
சிஸ்டர்சியன் துறவி,চিষ্টাৰচিয়ান সন্ন্যাসী
கோட்டை,দুৰ্গ
மேற்கோள்,উদ্ধৃতি
மேற்கோள்,উদ্ধৃতি
கீழ்ப்படியாமை,নাগৰিক অবাধ্যতা
உள்நாட்டுப் போர்,গৃহযুদ্ধ
சிவிஸ் ரோமானஸ்,চিভিছ ৰোমানাছ
கிளாசிக்கல் வயது,ধ্ৰুপদী যুগ
கிளெஃப்ட் (=கிளெஃப்ட்),ক্লেফ্ট (=klepht)
மதகுருத்துவம்,কেৰাণীবাদ
மதகுரு,ক্লাৰুচ
க்ளூனியாக் இயக்கம்,ক্লুনিয়াক আন্দোলন
கோட் கவசம்,কোট কৱচ
கோட் ஆஃப் ஆர்ம்ஸ்,কোট অৱ আৰ্মছ
கோட் ஆஃப் ஆர்ம்ஸ்,কোট অৱ আৰ্মছ
கோட் ஆஃப் ஆர்ம்ஸ்,কোট অৱ আৰ্মছ
அஞ்சல் கோட்,কোট অৱ মেইল
கோஹார்ட்,কোহৰ্ট
கொமிடியா,কমিটিয়া
கொமிடியா செஞ்சுரியாட்டா,কমিটিয়া চেঞ্চুৰিয়াটা
கொமிடியா குரியாட்டா,কমিটিয়া কুৰিয়াটা
கமிட்டியா திரிபுட்டா,কমিটিয়া ট্ৰিবুটা
நினைவு வளைவு,স্মৃতিচাৰণ তোৰণ
நினைவு நாணயம்,স্মৃতিচাৰণ মুদ্ৰা
நினைவு முத்திரை,স্মৃতিসৌধ
பொதுவான புலம்,সাধাৰণ ক্ষেত্ৰ
கம்யூனார்ட்,কমিউনাৰ্ড
கான்கார்டாட்,কনকৰ্ডেট
கான்கார்டாட்,কনকৰ্ডেট
காண்டோட்டியர்,কণ্ডোটিয়েৰ
உறுதிப்படுத்தல் கார்டரம்,নিশ্চিতকৰণ Cartarum
மோதல்,বিবাদ
சபை,মণ্ডলী
மாநிலத்தை வென்றது,বিজয়ী ৰাষ্ট্ৰ
வெற்றியாளர்,বিজয়ী
வெற்றியாளர்,কনকিষ্টাডৰ
கான்சிலியம்,কনচিলিয়াম
கன்சிஸ்டரி,কনচিষ্টৰী
சதி,ষড়যন্ত্ৰ
சதி,ষড়যন্ত্ৰ
துாதரகம்,কনছুলেট
ஆலோசனை புத்தகம்,কনছুলেচন কিতাপ
கான்டினென்டல் அமைப்பு,মহাদেশীয় ব্যৱস্থা
மாநாடு பாராளுமன்றம்,অধিৱেশন সংসদ
காப்பர்ஹெட்ஸ் (=அமைதி ஜனநாயகவாதிகள்),কপাৰহেড (=শান্তি গণতন্ত্ৰ)
காப்பிஹோல்ட்,কপিহ&#39;ল্ড
சுற்றிவளைத்தல்,ঘেৰাও কৰা
கொரோனா,কৰ&#39;না
முடிசூட்டு விழா,ৰাজ অভিষেক
முடிசூட்டுக்கல்,ৰাজ অভিষেক শিল
கார்பஸ்,কৰ্পাছ
கோர்செயர்,কৰ্চেয়াৰ
கோர்செயர்,কৰ্চেয়াৰ
கோர்செட் (=கோர்செலெட்),কৰ্চেট (=কোৰ্চলেট)
கோர்டெஸ்,কৰ্টেছ
கோட்டர் (=கோட்டியர்),কোটাৰ (=cottier)
கோட்டர் (=கோட்டியர்),কোটাৰ (=cottier)
பலடினேட் எண்ணுங்கள்,কাউন্ট পেলেটিনেট
நாட்டு வீடு,দেশৰ ঘৰ
மாவட்டம்,কাউন্টি
கவுண்டி பரோ,কাউন্টি বৰো
மாவட்ட நீதிமன்றங்கள்,কাউন্টি আদালত
கவுண்டி பாலாடைன்,কাউন্টি পেলেটিন
நீதிமன்றம்,আদালত
நீதிமன்றம்,আদালত
நீதிமன்ற சுற்றறிக்கை,আদালতৰ চক্ৰান্তমূলক
நீதிமன்ற ஆசாரம்,আদালতৰ শিষ্টাচাৰ
நீதிமன்ற அதிகாரி,কৰ্টিয়াৰ
கேசேஷன் நீதிமன்றம்,কেচেচনৰ আদালত
இயக்குநர்கள் நீதிமன்றம் (EIC),সঞ্চালক আদালত (EIC)
உரிமையாளர்களின் நீதிமன்றம்,মালিকৰ আদালত
நீதிமன்ற கவிஞர்,আদালতৰ কবি
உடன்படிக்கை செய்யப்பட்ட கேமரோனியர்கள்,চুক্তিবদ্ধ কেমেৰনিয়ানসকল
கிரீடம்,মুকুট
கிரீடம்,মুকুট
கிரீடம்,মুকুট
கிரீடம் நிலம்,মুকুটৰ ভূমি
கிரீடம் நிலம்,মুকুটৰ ভূমি
பட்டத்து இளவரசர்,ক্ৰাউন প্ৰিন্স
சிலுவைப் போர்,ক্ৰুছেড
சிலுவைப்போர்,ক্ৰুছেডাৰ
கிரிப்டோகிராம்,ক্ৰিপ্টোগ্ৰাম
குயிராஸ்,কুইৰাছ
கியூராசியர்,কুইৰাচিয়াৰ
வழிபாட்டு தெய்வம்,কাল্ট দেৱতা
கியூரியா,কুৰিয়া
கியூரியா,কুৰিয়া
ஜாரிசம்,জাৰবাদ
இருண்ட கண்டம்,অন্ধকাৰ মহাদেশ
தீர்ப்பு நாள்,বিচাৰৰ দিন
தீர்ப்பு நாள்,বিচাৰৰ দিন
டீன்,ডিন
தசாப்தம்,দশক
டெனாரியஸ்,ডেনাৰিয়াছ
பதவி நீக்கம் செய்யப்பட்ட மன்னர்,পদচ্যুত ৰজা
கெடுக்கும்,লুটপাত কৰা
கெடுதல்,লুণ্ঠন
அரியணை,ডিথ্ৰন
டயடம்,ডায়েডেম
டயடம்,ডায়েডেম
டயடம்,ডায়েডেম
தியாசியா,ডায়েচিয়া
டிகாஸ்டீரியம்,ডিকাষ্টেৰিয়াম
டிலுவியலிஸ்ட்,ডিলুভিয়ালিষ্ট
மறைமாவட்டம்,ডাইচ
மறைமாவட்டம்,ডাইচ
டைரக்டயர் (=டைரக்டரி),ডাইৰেক্টৰ (=নিৰ্দেশনা)
டைரக்டயர் (=டைரக்டரி),ডাইৰেক্টৰ (=নিৰ্দেশনা)
திர்ஹம்,দিৰহাম
விசுவாசமற்ற,অবিশ্বাসী
விசுவாசமற்ற,অবিশ্বাসী
தோல்வியின் கோட்பாடு,লেপছৰ মতবাদ
ஆவணம்,নথিপত্ৰ
ஆவண ஆதாரம்,নথিপত্ৰৰ প্ৰমাণ
டோம்ஸ்டே புத்தகம்,ডমছডে বুক
கான்ஸ்டன்டைன் நன்கொடை,কনষ্টেণ্টাইনৰ দান
பேரழிவு,ডুম
வரதட்சணை ராணி,বিধৱা ৰাণী
டிராகன்,ড্ৰেগুন
டிரோமேடியன்,ড্ৰ&#39;মেডাৰিয়ান
டிரோமெடரி,ড্ৰমেডাৰী
ட்ரோமண்ட்,ড্ৰমণ্ড
இரட்டை,দ্বৈত
இரட்டைக் கூட்டணி,দ্বৈত মিত্ৰতা
இரட்டை எண்ணம்,ডুৱেল এণ্টেণ্ট
இரட்டை அமைப்பு (=இரட்டை அரசாங்கம்),দ্বৈত ব্যৱস্থা (=দ্বিতীয় চৰকাৰ)
டியூக்,ড্যুক
டுமா,ডুমা
வாமன அவதாரம்,বামন অৱতাৰ
ஆள்குடி,বংশ
ஆள்குடி,বংশ
கழுகு,ঈগল
கிழவன்,এলডাৰ মানুহ
ஏர்ல்,আৰ্ল
ஏர்ல்டம்,আৰ্লডম
ஆரம்பகால குப்தர்கள்,আদিম গুপ্তাসকল
ஆரம்பகால (வரலாற்று) தளங்கள்,প্ৰাথমিক (ঐতিহাসিক) স্থান
ஆரம்ப வேத காலம்,প্ৰাথমিক বৈদিক যুগ
பிரசங்கம்,ইক্লেছিয়া
மறுசீரமைப்பு ஆணை,পুনৰুদ্ধাৰৰ আদেশ
எட்டு மடங்கு பாதை,আঠ ভাঁজ পথ
பெரியவர்கள்,বয়োজ্যেষ্ঠসকল
மூத்த அரசியல்வாதி (=ஜென்ரோ),জ্যেষ্ঠ ৰাষ্ট্ৰনেতা (=genro)
யானைக்கால்,হাতী গোড
பதினோரு வருட கொடுங்கோன்மை,এঘাৰ বছৰৰ অত্যাচাৰ
எலிசே (=எலிசே),এলিছাই (=এলিচি)
அடைப்பு இயக்கம்,ঘেৰাও আন্দোলন
கலைக்களஞ்சியம்,এনচাইক্লিকেল
கலைக்களஞ்சிய இயக்கம்,বিশ্বকোষবাদী আন্দোলন
என்டென்டே,এন্টেন্টে
என்டென்ட் கார்டியல்,এন্টেন্টে কৰ্ডিয়েল
சிம்மாசனம்,এনথ্ৰন
பரிவாரங்கள்,এনট্যুৰেজ
எபோத்,ইফোদ
எபோர்,এফোৰ
காவிய யுகம்,মহাকাব্যিক যুগ
காவிய நாயகன்,মহাকাব্যিক নায়ক
கல்வெட்டு,এপিগ্ৰাফ
எபிஸ்கோப்பசி,এপিস্কোপেচি
பேராயர்,এপিস্কোপেট
அத்தியாயம்,খণ্ড
சகாப்தம்,যুগ
சகாப்தத்தை உருவாக்கும் நிகழ்வு,যুগ সৃষ্টিকাৰী অনুষ্ঠান
சகாப்தத்தை உருவாக்கும் மனிதன்,যুগ সৃষ্টিকাৰী মানুহ
பெயர்ச்சொல்,ইপ&#39;নিম
குதிரைப்படை,ইকুৱেৰী
குதிரைப்படை,ইকুৱেৰী
குதிரையேற்ற சிலை,অশ্বাৰোহীৰ মূৰ্তি
சகாப்தம்,যুগ
எர்கஸ்டுலம்,এৰগাষ্টুলাম
நற்கருணை,ইউখাৰিষ্ট
சுவிசேஷம்,ইভানজেলিজম
சுவிசேஷ இயக்கம்,ইভানজেলিকেল আন্দোলন
சுவிசேஷகர்,ইভানজেলিষ্ট
Exarch,Exarch
Exilarch,এক্সাইলাৰ্ক
ஃபாலாங்கிஸ்ட்,ফেলেংগিষ্ট
தந்தை நிலம்,পিতৃ ভূমি
தந்தை நிலம்,পিতৃ ভূমি
ஃபெரியா,ফেৰিয়া
ஃபெட்டிஷ்,ফেটিছ
நிலப்பிரபுத்துவ சொத்துக்கள்,সামন্তীয় হোল্ডিংছ
நிலப்பிரபுத்துவம் (=நிலப்பிரபுத்துவ அமைப்பு),সামন্তবাদ (=সামন্তীয় ব্যৱস্থা)
நிலப்பிரபுத்துவ அமைப்பு,সামন্তীয় ব্যৱস্থা
நிலப்பிரபுத்துவம் கொண்டவர்,সামন্তীয়
Fidei defensor (=நம்பிக்கையின் பாதுகாவலர்),ফিডেই ডিফেন্সৰ (=বিশ্বাসৰ ৰক্ষক)
ஃபிஃப்,ফিফ
கள அமைப்பு,ক্ষেত্ৰ ব্যৱস্থা
பதினைந்தாவது வரி,পোন্ধৰতম কৰ
உருவத் தலை,চিত্ৰৰ মূৰ
ஃபின் டி சீக்கிள்,ফিন ডি ছিকেল
நெருப்பு உண்பவர்,জুই খোৱা
ஐந்து மைல் சட்டம்,পাঁচ মাইল আইন
கொடி,পতাকা
ஃபிளமன் டயாலிஸ்,ফ্লেমেন ডায়েলিছ
ஃபிளமன் மார்ஷியலிஸ்,ফ্লেমেন মাৰ্চিয়ালিছ
எரியும் ஜோதி,জ্বলি থকা টৰ্চ
பக்கவாட்டு,ফ্লেংক
பக்கவாட்டு இயக்கம்,ফ্লেংকিং মুভমেণ্ট
செழிக்கும் நாகரிகம்,ফুলি উঠা সভ্যতা
ஃப்ளூவியலிஸ்டிக் நம்பிக்கை,নদীবাদী বিশ্বাস
நாட்டுப்புற கடவுள்,লোক দেৱতা
நாட்டுப்புற தெய்வம்,লোক দেৱী
நாட்டுப்புற நினைவகம்,লোক স্মৃতি
நாட்டுப்புற புராணம் (=நாட்டுப்புறவியல்),লোক মিথ (=folklore)
இரை தேடும்,খাদ্য বিচাৰি ফুৰা
களமிறங்குதல்,আক্ৰমণ
முன்னோடி,পূৰ্বপুৰুষ
முன்னோர்,পূৰ্বপুৰুষ
முன்னோடி,আগশাৰীৰ
கெட்ட நம்பிக்கை,নিঃসংগ আশা
உருவாக்கும் நிலை,গঠনমূলক পৰ্যায়
கோட்டை,দুৰ্গ
வலுவூட்டல்,দুৰ্গ নিৰ্মাণ
அரணான நகரம்,দুৰ্গম চহৰ
கோட்டை,দুৰ্গ
Fortuna,ফৰ্তুনা
மன்றம் ரோமானம்,ফ&#39;ৰাম ৰোমানম
பிரான்சிஸ்கன்,ফ্ৰান্সিস্কান
பிராங்க்ளின்,ফ্ৰেংকলিন
சகோதர யுத்தம்,ভাতৃঘাতী যুদ্ধ
இலவச தேவாலயம்,ফ্ৰী চাৰ্চ
இலவச உரிமையாளர்,ফ্ৰীহোল্ডাৰ
சுதந்திர சிப்பாய்,ফ্ৰীলান্স সৈনিক
சுதந்திர சிப்பாய்,ফ্ৰীলান্স সৈনিক
ஃப்ரீமேன்,ফ্ৰীমেন
ஃப்ரீமேன்,ফ্ৰীমেন
இலவச நுழைவு சீட்டு,ফ্ৰীপাছ
பிரஞ்சு புரட்சி,ফৰাচী বিপ্লৱ
துறவி,ফ্ৰাইয়াৰ
ஃப்ராசியன் கூலிப்படையினர்,ফ্ৰিয়াছিয়ান ভাড়াতীয়া
எல்லைப்புற மனிதன்,সীমান্ত&#39;এ মানুহ
கேலியன்,গেলিয়ন
காலிகன் (=கல்லிகனிஸ்ட்),গ্যালিকান (=গ্যালিকানিষ্ট)
கல்லிக்கனிசம்,গ্যালিকানিজম
பாதுகாப்பு அரண்,গেৰিছন
கோல்,গল
கௌண்ட்லெட்,গাউণ্টলেট
கௌண்ட்லெட்,গাউণ্টলেট
கெஸெபோ,গেজেবো
கெஸெபோ,গেজেবো
கெஸெபோ,গেজেবো
மரபியல் வரலாறு,বংশাৱলীৰ ইতিহাস
மரபியல் பதிவு,বংশাৱলীৰ ৰেকৰ্ড
மரபியல் அட்டவணை,বংশাৱলীৰ তালিকা
மரபுவழி மரம்,বংশাৱলীৰ গছ
மரபியல்,বংশাৱলী
மரபியல்,বংশাৱলী
தலைமுறை,প্ৰজন্ম
இனப்படுகொலை,গণহত্যা
புறஜாதி,অনা-ইহুদী
புறஜாதி,অনা-ইহুদী
புறஜாதி,অনা-ইহুদী
புறஜாதி,অনা-ইহুদী
கெட்டோ,গেট্টো
கெட்டோ,গেট্টো
கிபெட்,গিবেট
கில்ட் (=கில்ட்),গিল্ড (=গিল্ড)
கிளாடியேட்டர்,গ্লেডিয়েটাৰ
புகழ்பெற்ற புரட்சி,গৌৰৱময় বিপ্লৱ
கோல்டன் ஹார்ட்,গোল্ডেন হৰ্ড
மகா கூட்டணி,গ্ৰেণ্ড এলায়েন্স
பேரறிஞர்,গ্ৰেণ্ডী
கிராண்ட் சிக்னர்,গ্ৰেণ্ড চাইন&#39;ৰ
கிராண்ட் சிக்னர்,গ্ৰেণ্ড চাইন&#39;ৰ
பெரும் உள்நாட்டுப் போர்,মহান গৃহযুদ্ধ
பெரிய புறப்பாடு (புத்தரின்),মহান প্ৰস্থান (বুদ্ধৰ)
பெரிய இந்தியா,বৃহত্তৰ ভাৰত
கிரேட் ஹெல்லாஸ்,গ্ৰেট হেলাছ
பெரிய கூட்டம்,গ্ৰেট হৰ্ড
பெரிய துறவு (=பெரும் புறப்பாடு),মহান পৰিত্যাগ (=মহান প্ৰস্থান)
பெரிய முத்திரை,গ্ৰেট ছিল
பெரிய டிராக்,গ্ৰেট ট্ৰেক
பெரிய வாகனம்,গ্ৰেট ভেহিকেল
சீனப் பெருஞ்சுவர்,চীনৰ গ্ৰেট ৱাল
க்ரீவ்,গ্ৰেভ
காவலர்-அறை,গাৰ্ড-চেম্বাৰ
காவலர்-அறை,গাৰ্ড-চেম্বাৰ
காவலர்-அறை,গাৰ্ড-চেম্বাৰ
குப்தாக்கள்,গুপ্তাছ
ஹாகியோகிராபி,হেজিঅ’গ্ৰাফী
ஹாகியோகிராபி,হেজিঅ’গ্ৰাফী
ஹேகியோலஜி,হেজিঅ’লজি
ஹேகியோலஜி,হেজিঅ’লজি
தனிப்பட்ட பார்வையாளர்களின் மண்டபம்,ব্যক্তিগত দৰ্শকৰ হল
பொது பார்வையாளர்களின் மண்டபம்,ৰাজহুৱা দৰ্শকৰ হল
குஞ்சு பொரிப்பது,হেচমেণ্ট
ஹீத்தன்,হেথেন
ஹீத்தன்,হেথেন
ஹீத்தனிசம்,হেথেনিজম
ஹெகிரா (ஹெஜேரா),হেগিৰা (হেজেৰা)
ஹெலனிசம்,হেলেনিজম
ஹெலட்,হেলট
ஹெரால்ட்ரி,হেৰাল্ড্ৰি
பாரம்பரியம்,ঐতিহ্য
ஹைரோகிளிஃபிக் நேரியல் எழுத்துக்கள்,হাইৰ’গ্লিফিক ৰৈখিক আখৰ
ஹைரோகிளிஃபிக் ஸ்கிரிப்ட்,হাইৰ&#39;গ্লিফিক লিপি
உயர் தேவாலயம்,হাই চাৰ্চ
உயர் லேண்டர்,হাই লেণ্ডাৰ
இந்து மதம்,হিন্দু ধৰ্ম
வரலாற்றாசிரியர்,ইতিহাসবিদ
வரலாற்றாசிரியர்,ইতিহাসবিদ
வரலாற்று பொருள்முதல்வாதம்,ঐতিহাসিক বস্তুবাদ
வரலாற்று சகாப்தம்,ঐতিহাসিক যুগ
வரலாற்று எல்லை,ঐতিহাসিক সীমান্ত
வரலாற்றாசிரியர்,ইতিহাসবিদ
வரலாற்றாசிரியர்,ইতিহাসবিদ
வரலாற்று வரலாறு,ইতিহাস লেখা
வரலாற்று வரலாறு,ইতিহাস লেখা
வரலாறு,ইতিহাস
ஹிட்டிட் பேரரசு,হিট্টী সাম্ৰাজ্য
புனித கூட்டணி,পবিত্ৰ মিত্ৰতা
புனித நகரம்,পবিত্ৰ নগৰ
புனித நகரம்,পবিত্ৰ নগৰ
புனித நிலம்,পবিত্ৰ ভূমি
புனித நிலம்,পবিত্ৰ ভূমি
புனித லீக்,হলি লীগ
புனித லீக்,হলি লীগ
புனித ரோமானியப் பேரரசு (=பேரரசு),পবিত্ৰ ৰোমান সাম্ৰাজ্য (=The Empire)
புனித கடல்,পবিত্ৰ সাগৰ
புனித கடல்,পবিত্ৰ সাগৰ
புனிதப் போர்,পবিত্ৰ যুদ্ধ
புனிதப் போர்,পবিত্ৰ যুদ্ধ
உள்நாட்டு அரசாங்கம்,গৃহ চৰকাৰ
ஊர்க்காவல்படை,হোম গাৰ্ড
தாயகம்,গৃহভূমি
வீட்டு விதி,গৃহ শাসন
வீட்டு விதி,হোম ৰুল
கூட்டம்,হৰ্ড
கூட்டம்,হৰ্ড
விரோத நாடு,শত্ৰুতাপূৰ্ণ দেশ
பகை நிலம்,শত্ৰুতাপূৰ্ণ ভূমি
ஒருவரை துரத்தி செல்லுதல்,hot pursuit
வீடு,ঘৰ
வீடு,ঘৰ
ஹவுஸ் ஆஃப் காமன்ஸ்,হাউচ অৱ কমনছ
ஹவுஸ் ஆஃப் லார்ட்ஸ்,হাউচ অৱ লৰ্ডছ
பிரதிநிதிகள் சபை,প্ৰতিনিধি সদন
ஹ்யூஜினோட்ஸ்,হুগুয়েনট
மனிதநேயம்,মানৱতাবাদ
மனிதநேயவாதி,মানৱতাবাদী
நூறு யேசர்ஸ் போர்,শত Yesrs&#39; যুদ্ধ
ஹங்கர்,হাংকাৰ
இபாதத் கானா (வழிபாட்டு இல்லம்),ইবাদাত খানা (পূজাৰ ঘৰ)
ஐகானோக்ளாஸ்ட்,আইকনক্লাষ্ট
உருவ வழிபாடு செய்பவர்,মূৰ্তিপূজক
இலாஹி சகாப்தம்,ইলাহি যুগ
சட்டவிரோத போர்,অবৈধ যুদ্ধ
ஒளிரும் கையெழுத்துப் பிரதி,আলোকিত পাণ্ডুলিপি
விளக்கப்பட கையெழுத்துப் பிரதி,সচিত্ৰ পাণ্ডুলিপি
விளக்கப்பட கையெழுத்துப் பிரதி,সচিত্ৰ পাণ্ডুলিপি
இமாம் (இம்மாம்),ইমাম (ইমাউম)
இமாமேட்,ইমামত
இமாமேட்,ইমামত
இமாம்பரா,ইমাম্বৰা
ஏகாதிபத்தியம்,ইম্পেৰিয়েল
ஏகாதிபத்திய நகரம்,ইম্পেৰিয়েল চিটি
ஏகாதிபத்தியம்,সাম্ৰাজ্যবাদ
ஏகாதிபத்திய விருப்பம்,ইম্পেৰিয়েল পছন্দ
முறையற்ற தன்மை,নীতিহীনতা
வஞ்சகர்,ভণ্ড
சிறைவாசம்,কাৰাবাস
சிறைவாசம்,কাৰাবাস
ஊடுருவல்,আক্ৰমণ
ஊடுருவல்காரன்,আক্ৰমণকাৰী
சுதந்திரம்,স্বাধীনতা
சுதந்திர தினம்,স্বাধীনতা দিৱস
சுதந்திர மண்டபம்,স্বাধীনতা প্ৰেক্ষাগৃহ
இந்தியன் அமேரியன் (=சிவப்பு இந்தியன்=அமெரிக்க இந்தியன்),ভাৰতীয় আমেৰিকান (=ৰেড ইণ্ডিয়ান=আমেৰিকান ইণ্ডিয়ান)
இந்தியன் ஹோம் ரூல் லீக்,ইণ্ডিয়ান হোম ৰুল লীগ
தொழில் புரட்சி,ঔদ্যোগিক বিপ্লৱ
காஃபிர்,কাফিৰ
காஃபிர்,কাফিৰ
ஊடுருவல்,অনুপ্ৰৱেশ
ஊடுருவி,অনুপ্ৰৱেশকাৰী
தகவல் தருபவர்,তথ্যদাতা
தகவல் தருபவர்,তথ্যদাতা
தகவல் தருபவர்,তথ্যদাতা
தகவல் தருபவர்,তথ্যদাতা
நுழைவு,প্ৰৱেশ
நுழைவு,প্ৰৱেশ
நுழைவு,প্ৰৱেশ
குடியிருப்பு,বাসস্থান
வசிப்பிடத்தை,বাসিন্দা
பரம்பரை,উত্তৰাধিকাৰ
பரம்பரை,উত্তৰাধিকাৰ
பரம்பரை,উত্তৰাধিকাৰ
கல்வெட்டு,শিলালিপি
சின்னம்,চিহ্ন
அணுகல் கருவி,যোগদানৰ যন্ত্ৰ
அரசாங்கத்தின் கருவி,চৰকাৰৰ আহিলা
கிளர்ச்சி (கிளர்ச்சி),বিদ্ৰোহ (বিদ্ৰোহ)
கிளர்ச்சியாளர்,বিদ্ৰোহী
கிளர்ச்சி,বিদ্ৰোহ
கிளர்ச்சி,বিদ্ৰোহ
ஒருங்கிணைப்பு,সংহতি
பதிவுகளின் நேர்மை,ৰেকৰ্ডৰ অখণ্ডতা
மாநிலங்களின் ஒருமைப்பாடு,ৰাজ্যসমূহৰ অখণ্ডতা
புத்திஜீவிகள் (புத்திசாலித்தனம்),বুদ্ধিমান (Intelligentzia)
பரிந்து பேசுதல்,মধ্যস্থতা
பரிந்து பேசுபவர்,মধ্যস্থতাকাৰী
இடைத்தரகர்,মধ্যস্থতাকাৰী
சர்வதேசியம்,আন্তৰ্জাতিকতাবাদ
சர்வதேசியம்,আন্তৰ্জাতিকতাবাদ
சர்வதேசியவாதி,আন্তৰ্জাতিকতাবাদী
உள்நாட்டுப் போர்,আন্তঃসংযোগী যুদ্ধ
பயிற்சியாளர்,ইণ্টাৰনী
பயிற்சியாளர்,ইণ্টাৰনী
பயிற்சி முகாம்,ইণ্টাৰনী শিবিৰ
அடைப்பு,আৱদ্ধ কৰি ৰখা
அடைப்பு,আৱদ্ধ কৰি ৰখা
அடைப்பு,আৱদ্ধ কৰি ৰখা
இன்டர்னுன்சியோ,Internuncio
மொழிபெயர்ப்பாளர்,ব্যাখ্যাকৰোতা
மொழிபெயர்ப்பாளர்,ব্যাখ্যাকৰোতা
மொழிபெயர்ப்பாளர்,ব্যাখ্যাকৰোতা
தலையீடு,হস্তক্ষেপ
குடலிறக்கம்,ইনটেষ্টেচি
குடல்,ইনটেষ্টেট
சூழ்ச்சி,কুটিলতা
ஊடுருவும் நபர்,অনুপ্ৰৱেশকাৰী
ஊடுருவும் நபர்,অনুপ্ৰৱেশকাৰী
ஊடுருவல்,অনুপ্ৰৱেশ
படையெடுப்பு,আক্ৰমণ
படையெடுப்பு,আক্ৰমণ
முதலீடு செய்யுங்கள்,বিনিয়োগ কৰা
முதலீடு செய்யுங்கள்,বিনিয়োগ কৰা
முதலீடு செய்யுங்கள்,বিনিয়োগ কৰা
முதலீடு செய்யுங்கள்,বিনিয়োগ কৰা
முதலீடு,বিনিয়োগ
முதலீடு,বিনিয়োগ
முதலீடு,বিনিয়োগ
முதலீட்டு விழா,বিনিয়োগ অনুষ্ঠান
தேசியத்துடன் முதலீடு செய்யுங்கள்,জাতীয়তাৰ সৈতে বিনিয়োগ কৰক
வெல்ல முடியாத அர்மடா,অজেয় আৰ্মাডা
மீறல் (அரசு),অলংঘনীয়তা (ৰাষ্ট্ৰৰ)
மீறல் நிலை,অলংঘিত অৱস্থা
அழிக்க முடியாத கோட்டை,অক্ষম দুৰ্গ
இரும்பு யுகம்,লোৰ যুগ
இரும்புத்திரை,লোহাৰ পৰ্দা
இரும்பு பாதுகாப்பு,লোহাৰ ৰক্ষক
இரும்பு ரேஷன்,লোহাৰ ৰেচন
இரும்பு பக்கங்கள்,লোহাৰ কাষ
இரும்பு முனை அம்பு,লোহাৰ টিপযুক্ত কাঁড়
இஸ்த்மியா விளையாட்டுகள்,ইষ্টমিয়ান খেল
ஜானிசரி,জেনিছাৰী
காவலாளி,জেনিটৰ
காவலாளி,জেনিটৰ
ஈட்டி,জেভেলিন
ஜிம் க்ரோ சட்டங்கள்,জিম ক&#39;ৰ&#39; ল&#39;ছ
ஜிங்கோ,জিংগো
ஜிங்கோ,জিংগো
ஜிங்கோ,জিংগো
ஜிங்கோயிசம்,জিংগোবাদ
கூட்டு நடவடிக்கை,যৌথ ব্যৱস্থা
கூட்டு கட்டுப்பாடு,যৌথ নিয়ন্ত্ৰণ
கூட்டு ஆக்கிரமிப்பு,যৌথ দখল
நடுவர் மன்றம்,জুৰী
வெறும் காரணம்,মাত্ৰ কাৰণ
வை,ৰাখক
காப்பக காப்பாளர்,আৰ্কাইভৰ ৰক্ষক
கெட்டில்-டிரம்,কেটলি-ড্ৰাম
முக்கிய வார்த்தை,মূল শব্দ
அரசன்,ৰজা
இராச்சியம்,ৰাজ্য
கிங்லெட்,কিংলেট
கிங் மேக்கர்,ৰজা নিৰ্মাতা
அரசாட்சி,ৰজাৰ পদ
அரசாட்சி,ৰজাৰ পদ
சமையலறை அமைச்சரவை,পাকঘৰৰ কেবিনেট
மாவீரர்,ৰজা
அரசாட்சி,ৰজাৰত্ব
கிங்ட்ஸ் மருத்துவமனைகள்,Kinghts হস্পিতালৰ লোক
செயின்ட் ஜான் மாவீரர்கள்,নাইটছ অৱ চেণ্ট জন
நைட் டெம்ப்ளர்,নাইট টেম্পলাৰ
கு க்ளக்ஸ் கிளான் (KKK),কু ক্লাক্স ক্লান (KKK)
குமிண்டாங்,কুমিনতাং
பாமர மக்கள்,লেইটি
லான்ஸ்,লেন্স
லான்சர்,লেন্সাৰ
பின்னர் குப்தர்கள்,পিছলৈ গুপ্তাছ
சட்டப்படியான வாரிசு,বৈধ উত্তৰাধিকাৰী
சட்டமின்மை (=சீர்குலைவு),আইন-শৃংখলাহীনতা (=বিকাৰ)
சட்டமின்மை (=சீர்குலைவு),আইন-শৃংখলাহীনতা (=বিকাৰ)
சட்ட அதிபதிகள்,আইন প্ৰভুসকল
பக்தியின் சட்டம்,ধৰ্মপৰায়ণতাৰ নিয়ম
உலக நாடுகள் சங்கம்,লীগ অৱ নেচনছ
மரபு (=விருப்பம்),লিগেচি (=উইল)
மரபு (=விருப்பம்),লিগেচি (=উইল)
சட்டப்படியான வாரிசு,আইনী উত্তৰাধিকাৰী
சட்டப்படி,লেগেট
சட்டப்படி,লেগেট
சட்டப்படி,লেগেট
புராண,কিংবদন্তী
புராண,কিংবদন্তী
படையணி,লিজিয়ন
படையணி,লিজিয়ন
லெஜியன் ஆஃப் ஹானர்,লিজিয়ন অৱ অনাৰ
Lese majesty (=lese majeste),লেচে মহিমা (=lese majeste)
குறைவான மாநிலங்கள்,ক্ষুদ্ৰ ৰাজ্য
நம்பிக்கைக் கடிதங்கள்,বিশ্বাসযোগ্যতাৰ পত্ৰ
லீஜ்-பிரபு,লিয়েজ-লৰ্ড
லீஜ் மனிதன்,লিয়েজ মানুহ
லீஜ் மனிதன்,লিয়েজ মানুহ
ஆயுள் தண்டனை,আজীৱন কাৰাদণ্ড
பரம்பரை,বংশ
குட்டி இங்கிலாந்துக்காரர்,লিটিল ইংলেণ্ডৰ
சிறிய வாகனம் (=குறைவான வாகனம்),লিটল ভেহিকেল (=ক্ষুদ্ৰ বাহন)
கடல்சார் மாநிலம்,উপকূলীয় অৱস্থা
வழிபாட்டு முறைகள்,লিটাৰ্জী
வழிபாட்டு முறை,লিটাৰ্জী
உள்ளூர் விசுவாசம்,স্থানীয় আনুগত্য
உள்ளாட்சி-சுய அரசு,স্থানীয়-আত্ম চৰকাৰ
நீண்ட பாராளுமன்றம்,দীঘলীয়া সংসদ
தாழ்ந்த நாடுகள்,নিম্ন দেশ
விசுவாசமான,অনুগত
விசுவாசம்,আনুগত্য
மச்சியாவெல்லியன் கொள்கை,মেকিয়াভেলিয়ান নীতি
மேக்னா கார்ட்டா,মেগনা কাৰ্টা
மேக்னம் கான்சிலியம்,মেগনাম কনচিলিয়াম
மாலும் தடை,মালুম প্ৰহিবিটাম
மாண்டமஸ்,মাণ্ডামছ
ஆணை,আদেশ
"ஆணை, வகுப்பு &#39;ஏ&#39;","আদেশ, ক্লাছ &#39;ক&#39;।"
"ஆணை, வகுப்பு &#39;பி&#39;","আদেশ, ক্লাছ &#39;খ&#39;।"
"ஆணை, வகுப்பு &#39;சி&#39;","আদেশ, শ্ৰেণী &#39;গ&#39;।"
ஆணை அமைப்பு,আদেশ ব্যৱস্থা
கட்டாய நிலை,বাধ্যতামূলক ৰাজ্য
மங்கோனல்,মেংগোনেল
அறிக்கை,ইস্তাহাৰ
சூழ்ச்சிகள்,কৌশল
போர் நாயகன்,যুদ্ধৰ মানুহ
மேனர்,মেন&#39;ৰ
மேனர்,মেন&#39;ৰ
மனித சக்தி,মানুহ-শক্তি
மனித சக்தி,মানুহ-শক্তি
மனுமிஷன்,মানুমিচন
மனுமித்,মনুমিত
கையெழுத்துப் பிரதி,পাণ্ডুলিপি
கையெழுத்துப் பிரதி,পাণ্ডুলিপি
கையெழுத்துப் பிரதி,পাণ্ডুলিপি
கொள்ளைக்காரன்,মাৰাউডাৰ
கடல் பெல்ட்,সামুদ্ৰিক বেল্ট
கடல் நாகரிகம்,সামুদ্ৰিক সভ্যতা
கடல்சார் கொடி,সামুদ্ৰিক পতাকা
கடல்சார் சக்திகள்,সামুদ্ৰিক শক্তিসমূহ
கடல்சார் இறையாண்மை,সামুদ্ৰিক সাৰ্বভৌমত্ব
கடல் போர்,সামুদ্ৰিক যুদ্ধ
மார்க்விஸ்,মাৰ্কিছ
மார்க்விசேட்,মাৰ্কিজেট
இராணுவ சட்டம்,সামৰিক আইন
தற்காப்பு இனங்கள்,যুদ্ধ দৌৰ
தியாகி,শ্বহীদ
படுகொலை,হত্যাকাণ্ড
சூழ்ச்சி நிறை,কৌশলৰ ভৰ
மாஸ்டர்-அட்-ஆர்ம்ஸ்,মাষ্টাৰ-এট-আৰ্মছ
விழாக்களின் மாஸ்டர்,অনুষ্ঠানৰ মাষ্টাৰ
வீட்டு மாஸ்டர்,মাষ্টাৰ অৱ হাউচহ’ল্ড
குதிரையின் மாஸ்டர்,ঘোঁৰাৰ মাষ্টাৰ
மாஸ்டர் ஆஃப் தி ரோல்ஸ்,মাষ্টাৰ অৱ দ্য ৰোলছ
பொருத்துக,মিল থকা
பொருத்துக,মিল থকা
தீப்பெட்டி,মেচলক
திருமண கூட்டணி,বৈবাহিক মিত্ৰতা
மத்திய தரைக்கடல் சக்திகள்,ভূমধ্যসাগৰীয় শক্তিসমূহ
மென்ஷிவிக்,মেনশ্বেভিক
கூலிப்படை,ভাড়াতীয়া সেনাবাহিনী
கூலிப்படை வீரர்,ভাড়াতীয়া সৈনিক
வியாபாரி,ব্যৱসায়ী
இடைக்காலம்,মধ্যযুগ
மத்திய கிழக்கு,মৈদ্ধ পূৰ্ব
நடுத்தர பாதை,মধ্যম অংশ
நடுத்தர பாதை,মধ্যম পথ
நடுத்தர வழி (=நடுவழி),মধ্যম পথ (=মধ্যম পথ)
புலம் பெயர்ந்தவர்,প্ৰব্ৰজনকাৰী
இடம்பெயர்தல்,প্ৰব্ৰজন
இடம்பெயர்தல்,প্ৰব্ৰজন
இடம்பெயர்தல்,প্ৰব্ৰজন
இராணுவவாதம்,সামৰিকতাবাদ
இராணுவவாதம்,সামৰিকতাবাদ
இராணுவவாதம்,সামৰিকতাবাদ
இராணுவவாதம்,সামৰিকতাবাদ
இராணுவவாதி,সামৰিকবাদী
இராணுவவாதி,সামৰিকবাদী
இராணுவமயமாக்கல்,সামৰিককৰণ
இராணுவமயமாக்கல்,সামৰিককৰণ
இராணுவமயமாக்கல்,সামৰিককৰণ
இராணுவ தந்திரவாதி (=தந்திரவாதி),সামৰিক কৌশলবিদ (=কৌশলবিদ)
இராணுவ தந்திரவாதி (=தந்திரவாதி),সামৰিক কৌশলবিদ (=কৌশলবিদ)
இராணுவ தந்திரங்கள் (=தந்திரங்கள்),সামৰিক কৌশল (=কৌশল)
மிலிஷியா,মিলিচীয়া
மிலிஷியா,মিলিচীয়া
தவறான ஆட்சி,অপশাসন
விடுபட்ட இணைப்பு,লিংক হেৰাই গৈছে
பணி,উদ্দেশ্য
பணி,উদ্দেশ্য
பணி,উদ্দেশ্য
கலப்பு இனம்,মিশ্ৰ জাতিৰ
நவீன வரலாறு,আধুনিক ইতিহাস
மோடஸ் விவேண்டி,মডাছ ভিভেণ্ডি
ஒற்றையாட்சி,মনাচিজম
மன்னர்,মনাৰ্ক
மன்னர்,মনাৰ্ক
முடியாட்சி,ৰাজতন্ত্ৰবাদ
முடியாட்சி,ৰাজতন্ত্ৰবাদ
மன்னராட்சியாளர்,ৰাজতন্ত্ৰবাদী
முடியாட்சி,ৰাজতন্ত্ৰ
மடாலயம்,মঠ
மடாலயம்,মঠ
மடாலயம்,মঠ
துறவறம்,মঠ-মন্দিৰ
துறவறம்,মঠ-মন্দিৰ
துறவி,সন্ন্যাসী
தாய் நாடு,মাতৃ দেশ
தாய்நாடு,মাতৃভূমি
பாராளுமன்றங்களின் தாய்,সংসদৰ মাতৃ
முக்ராக்கர்கள்,মাকৰেকাৰছ
மம்மி,মামী
அருங்காட்சியகம்,সংগ্ৰাহালয়
மஸ்கட்,মাস্কেট
மஸ்கடியர்,মাস্কেটিয়াৰ
மஸ்கெட்ரி,মাস্কেট্ৰি
மஸ்கெட்ரி,মাস্কেট্ৰি
மஸ்டர் மாஸ்டர்,মাষ্টাৰ মাষ্টাৰ
மஸ்டர்-ரோல்,মাষ্টাৰ-ৰোল
மஸ்டர்-ரோல்,মাষ্টাৰ-ৰোল
கலகம்,বিদ্ৰোহ
கலகம் சட்டம்,বিদ্ৰোহ আইন
மர்ம கப்பல்,ৰহস্য জাহাজ
விவரிப்பு,বৰ্ণনা
தேசம்,জাতি
பூர்வீகம்,স্থানীয়
சொந்த மாநிலம்,থলুৱা ৰাজ্য
இயற்கைவாதம்,প্ৰকৃতিবাদ
இயற்கை உரிமைகள்,প্ৰাকৃতিক অধিকাৰ
நாஜி,নাজী
நாஜி புரட்சி,নাজী বিপ্লৱ
நாசிசம்,নাজীবাদ
கிழக்குக்கு அருகில்,পূবৰ ওচৰত
நீக்ரோ,নিগ্ৰো
நீக்ரோபில்,নেগ্ৰ&#39;ফিল
நீக்ரோபிலிசம்,নিগ্ৰোফিলিজম
நீக்ரோபோபியா,নিগ্ৰোফ’বিয়া
நடுநிலை,নিৰপেক্ষ
நடுநிலை நாடு,নিৰপেক্ষ দেশ
புதிய ஒப்பந்தம்,নিউ ডিল
புதிய உலகம்,নতুন পৃথিৱী
பெருந்தன்மை,আভিজাত্য
உன்னத,নোবেল
உன்னத,নোবেল
நாடோடி,যাযাবৰী
நாடோடி கூட்டம்,যাযাবৰী গোট
நாடோடிகள்,যাযাবৰীতা
ஆக்கிரமிப்பு அல்லாத ஒப்பந்தம்,অ-আগ্ৰাসন চুক্তি
ஆக்கிரமிப்பு அல்லாத ஒப்பந்தம்,অ-আগ্ৰাসন চুক্তি
போர் புரியாத நிலை,অযুদ্ধপ্ৰায় অৱস্থা
ஒத்துழையாமை,অসহযোগিতা
ஒத்துழையாமை இயக்கம்,অসহযোগ আন্দোলন
முகப்பு,আগফালৰ অংশ
முகப்பு,আগফালৰ অংশ
ஓக்லோக்ரசி (=மொபோக்ரசி),অক্ল&#39;ক্ৰেচি (=মব&#39;ক্ৰেচি)
ஓக்லோக்ராட்,অক্লক্ৰেট
அதிகாரப்பூர்வ ஆவணம்,চৰকাৰী নথি
பழைய உலகம்,পুৰণি পৃথিৱী
தன்னலக்குழு,অলিগাৰ্চি
தாக்குதல்,আক্ৰমণ
திறந்த பேச்சுவார்த்தை,মুকলি আলোচনা
திறந்த கேள்வி,মুকলি প্ৰশ্ন
பதிவுகளைத் திற,ৰেকৰ্ডসমূহ খোলা
ஓரியண்ட்,অৰিয়েণ্ট
ஓரியண்டலிசம்,প্ৰাচ্যবাদ
ஓரியண்டலிசம்,প্ৰাচ্যবাদ
ஓரியண்டலிஸ்ட்,প্ৰাচ্যবিদ
தோற்றம்,মূলত
தோற்றம்,মূলত
ஆர்த்தோகிராபி,অৰ্থগ্ৰাফী
பகைமை வெடிப்பு,শত্ৰুতাৰ প্ৰাদুৰ্ভাৱ
அவுட்-போஸ்ட்,আউট-পোষ্ট
ஓவர்-லார்ட்,অভাৰ-লৰ্ড
ஓவர்-ரைடு,অভাৰ-ৰাইড
ஓவர்-ரைடு,অভাৰ-ৰাইড
பாகன்,পৌত্তলিক
பாகன்,পৌত্তলিক
பேகனிசம்,পৌত্তলিকতাবাদ
பேகனிசம்,পৌত্তলিকতাবাদ
பகோடா,পেগোডা
பகோடா,পেগোডা
பகோடா,পেগোডা
அரண்மனை சூழ்ச்சிகள்,প্ৰাসাদৰ কুটিলতা
பாலடினேட்,পেলেটিনেট
பனை ஓலை,কল-পাত
பாம் ஞாயிறு,পাম দেওবাৰ
பேனெஜிரிஸ்ட்,পেনেগিৰিষ্ট
பீதி,ত্ৰাস
பீதி,ত্ৰাস
பீதியை உண்டாக்குபவர்,আতংক-মংগাৰ
பாப்பாசி,পোপৰ পদ
பாப்பாசி,পোপৰ পদ
பாப்பாசி,পোপৰ পদ
பாப்பாசி,পোপৰ পদ
பாப்பல் காளை,পোপৰ ম&#39;হ
பாப்பாலிசம்,পোপবাদ
பாப்பாலிசம்,পোপবাদ
பாப்பாலிஸ்ட்,পোপবাদী
போப்பாண்டவர் மாநிலம்,পোপৰ ৰাজ্য
பாபிசம் (=பாபிஸ்ட்ரி),পেপিজম (=পেপিষ্ট্ৰি)
பாபிஸ்ட்,পেপিষ্ট
பாப்பிரஸ்,পেপিৰাছ
உவமை,দৃষ্টান্ত
பாரமவுண்ட்,পেৰামাউণ্ট
பாரமவுன்சி (=முக்கிய சக்தி),Paramountcy (=পৰম শক্তি)
பரம பெண்மணி,পেৰামাউণ্ট লেডী
பரம பிரபு,পৰম প্ৰভু
காகிதத்தோல்,পাৰ্চমেণ্ট
காகிதத்தோல்,পাৰ্চমেণ্ট
காகிதத்தோல்,পাৰ্চমেণ্ট
மன்னிக்கவும்,ক্ষমা কৰিব
பார்லிஸ்,পাৰ্লিছ
பார்லிஸ்,পাৰ্লিছ
பாராளுமன்றம் (=பாராளுமன்றம்),সংসদ (=সংসদ)
பாராளுமன்றம்,সংসদ
பாராளுமன்றம்,সংসদ
பாராளுமன்றம்,সংসদ
பாராளுமன்ற சட்டம்,সংসদ আইন
பாராளுமன்ற உறுப்பினர்,সংসদ সদস্য
பாராளுமன்ற உறுப்பினர்,সংসদ সদস্য
பாராளுமன்ற முகவர்,সংসদীয় এজেণ্ট
பார்னெலிசம்,পাৰ্নেলিজম
பரோல்,পেৰ’ল
பரோல்,পেৰ’ল
பாரிசைட்,পেৰিচাইড
பாரிசைட்,পেৰিচাইড
கட்சிக்காரன்,পাৰ্টিছান
கட்சிக்காரன்,পাৰ্টিছান
கட்சிக்காரன்,পাৰ্টিছান
பாஸ்,উত্তীৰ্ণ
கடவுச்சொல் (=வாட்ச் சொல்),পাছ ৱৰ্ড (=watch word)
தேசபக்தர்,পেট্ৰিয়াৰ্ক
தேசபக்தர்கள்,পিতৃপুৰুষসকল
பேட்ரிசியன்,পেট্ৰিচিয়ান
பரம்பரை,পৈতৃকত্ব
பாக்ஸ் பிரிட்டானிக்கா,পেক্স ব্ৰিটানিকা
பாக்ஸ் ரோமானா,পেক্স ৰোমানা
பரம்பரை,বংশবৃক্ষ
பரம்பரை,বংশবৃক্ষ
பரம்பரை நபர்,বংশবৃক্ষ ব্যক্তি
இணையர்,সহকৰ্মী
இணையர்,সহকৰ্মী
பீரேஜ்,পিৰেজ
பீரேஜ்,পিৰেজ
பீரேஜ்,পিৰেজ
அயர்லாந்தின் சகாக்கள்,আয়াৰলেণ্ডৰ সমনীয়া
ஸ்காட்லாந்தின் சகாக்கள்,স্কটলেণ্ডৰ সমনীয়া
தீபகற்ப பிரச்சாரம்,উপদ্বীপীয় অভিযান
தீபகற்ப போர்,উপদ্বীপীয় যুদ্ধ
பென்னண்ட்,পেনেণ্ট
மக்கள் சாசனம் (=தேசிய சாசனம்),জনসাধাৰণৰ চনদ (=ৰাষ্ট্ৰীয় চনদ)
மக்கள் முன்னணி (=பாப்புலர் ஃப்ரண்ட்),জনমূখ (=জনপ্ৰিয় ফ্ৰণ্ট)
துரோகம்,পাৰ্ফিডি
காலம்,সময়কাল
காலம்,সময়কাল
சுற்றளவு,পেৰিফেৰী
நிரந்தர தீர்வு,স্থায়ী বন্দোবস্ত
நிரந்தர ஃபைஃப்,চিৰন্তন ফিফ
ஃபாலன்க்ஸ்,ফালানক্স
ஃபாலன்க்ஸ்,ফালানক্স
ஃபிரோ,ফ্ৰাউন
பிக்டோகிராம்,চিত্ৰচিত্ৰ
பிக்டோகிராஃப்,পিক্টোগ্ৰাফ
பிக்டோகிராஃப்,পিক্টোগ্ৰাফ
யாத்ரீகர்,তীৰ্থযাত্ৰী
யாத்திரை தந்தைகள்,তীৰ্থযাত্ৰী পিতৃসকল
கொள்ளை,লুটপাত
கொள்ளை,লুটপাত
தூண்,স্তম্ভ
தூண் ஆணைகள் (அசோகரின்),স্তম্ভ আদেশ (অশোকৰ)
தூண் ஆணைகள் (அசோகரின்),স্তম্ভ আদেশ (অশোকৰ)
தூண் ஆணைகள் (அசோகரின்),স্তম্ভ আদেশ (অশোকৰ)
கடற்கொள்ளையர்,পাইৰেট
கடற்கொள்ளையர்,পাইৰেট
களமிறங்கிய போர்,পিটচড যুদ্ধ
சதி,পটভূমি
போலிஸ்,পলিছ
போலிஸ்,পলিছ
அரசியல் தலைவர்,পলিটাৰ্চ
அரசியல் முகவர்,ৰাজনৈতিক এজেন্ট
அரசியல் தஞ்சம்,ৰাজনৈতিক আশ্ৰয়
அரசியல் குடியிருப்பாளர்,ৰাজনৈতিক আৱাসী
அரசியல் பயங்கரவாதம்,ৰাজনৈতিক সন্ত্ৰাসবাদ
தேர்தல் வரி,ভোটগ্ৰহণ কৰ
பாண்டூன்,পণ্টুন
பிரீமியர்,প্ৰধানমন্ত্ৰী
பிரீமியர்,প্ৰধানমন্ত্ৰী
பிரீமியர்ஷிப்,প্ৰিমিয়াৰ লীগ
ஜனாதிபதி பதவி,ৰাষ্ট্ৰপতিত্ব
ஜனாதிபதி பதவி,ৰাষ্ট্ৰপতিত্ব
ஜனாதிபதி,ৰাষ্ট্ৰপতি
ஜனாதிபதி,ৰাষ্ট্ৰপতি
பிரசிடியம்,প্ৰেচিডিয়াম
பிரதமர்,প্ৰধানমন্ত্ৰী
ப்ரிமோஜெனிச்சர்,প্ৰাইমোজেনিচাৰ
இளவரசன்,প্ৰিন্স
இளவரசன்,প্ৰিন্স
இளவரசர் பிஷப்,প্ৰিন্স বিচপ
இளவரசர் மனைவி,প্ৰিন্স কনচৰ্ট
இளவரசர் ரீஜண்ட்,প্ৰিন্স ৰিজেণ্ট
பின்ஸ் ரெக்னென்ட்,পিন্স ৰেগনেণ্ট
இளவரசி ரீஜண்ட்,ৰাজকুমাৰী ৰিজেণ্ট
இளவரசி ராயல்,ৰাজকুমাৰী ৰয়েল
சமஸ்தானம்,প্ৰিন্সিপালিটি
சமஸ்தானம்,প্ৰিন্সিপালিটি
சமஸ்தானம்,প্ৰিন্সিপালিটি
பரிசு,পুৰষ্কাৰ
பரிசு,পুৰষ্কাৰ
பரிசுத் தொகை,পুৰস্কাৰৰ ধন
தொழில்முறை சிப்பாய்,পেছাদাৰী সৈনিক
சத்தியம்,প্ৰতিশ্ৰুতি
முன்னோடி கோட்டை,প্ৰমন্টৰী দুৰ্গ
பாதுகாக்கவும்,প্ৰটেক্টৰেট
பாதுகாக்கவும்,প্ৰটেক্টৰেট
பாதுகாக்கவும்,প্ৰটেক্টৰেট
பாதுகாவலர்,Protégé
ஆதாரம்,উৎপত্তিস্থল
ஆதாரம்,উৎপত্তিস্থল
ஆதார அமைப்பு,প্ৰভেনেন্স ব্যৱস্থা
சார்பு சியோனிஸ்ட்,জিয়নিষ্ট সমৰ্থক
பொது எதிரி,ৰাজহুৱা শত্ৰু
பொது எதிரி,ৰাজহুৱা শত্ৰু
புள்ளிகள்,বিৰাম চিহ্ন
பியூனிக் போர்கள்,পুনিক যুদ্ধ
பியூரிட்டன்,পিউৰিটান
புட்ச்,পুচ্চ
குவாட்ரிகா,কোৱাড্ৰিগা
நான்கு மடங்கு கூட்டணி,চতুৰ্ভুজ মিত্ৰতা
குவாக்கர்,কোৱাকাৰ
ராணி,ৰাণী
ராணி மனைவி,ৰাণী কনচৰ্ট
ராணி வரதட்சணை,ৰাণী বিধৱা
குயின்டம்,কুইনডম
குயின்டம்,কুইনডম
ராணி அம்மா,ৰাণী মা
அரசி அரசி,ৰাণী ৰাজত্ব কৰা
குயிஸ்லிங்,কুইছলিং
குயிஸ்லிங்,কুইছলিং
வாடகையை விடுங்கள்,ভাড়া এৰি দিয়ক
நடுக்கம்,কুইভাৰ
க்வோ வாரண்டோ,Quo warranto
இனம்,জাতি
இன மேலாதிக்கம்,বৰ্ণবাদী আধিপত্য
ரேக்,ৰেক
ரேக்,ৰেক
ரெய்டு,অভিযান
ரெய்டு,অভিযান
கோட்டை,ৰেমপাৰ্ট
கோட்டை,ৰেমপাৰ্ট
ரான்சாக்,ৰেনছাক
மீட்கும் தொகை,মুক্তিপণ
மீட்கும் தொகை,মুক্তিপণ
பேரழிவு,ৰেভেজ
அழிவுகள்,ৰেভেজ
சாம்ராஜ்யம்,ৰাজ্য
பின்புற காவலர்,ৰিয়াৰ গাৰ্ড
பின்புற பாதுகாப்பு நடவடிக்கை,ৰিয়াৰ গাৰ্ডৰ একচন
கிளர்ச்சியாளர்,বিদ্ৰোহী
கலகம்,বিদ্ৰোহ
கிளர்ச்சிக்கான அங்கீகாரம்,বিদ্ৰোহৰ স্বীকৃতি
மறுசீரமைப்பு,পুনৰ পৰিবাহী
உளவுத்துறை,গোপনীয়তা
புனரமைப்பு,পুনৰ্গঠন
பதிவு,নথিভুক্ত
பதிவு அலுவலகம்,ৰেকৰ্ড অফিচ
பதிவு ஓய்வு,অৱসৰৰ অভিলেখ
சிவப்பு சட்டைகள்,ৰঙা চাৰ্ট
சீர்திருத்தம்,সংস্কাৰ
அகதி,শৰণাৰ্থী
ரெகாலியா,ৰেগালিয়া
ரெகாலியா,ৰেগালিয়া
ரெகாலியா,ৰেগালিয়া
ரீஜென்சி,ৰিজেন্সি
ரீஜண்ட்,ৰিজেণ্ট
ரீஜண்ட் ராணி,ৰিজেণ্ট কুইন
ரெஜிசைட்,ৰেজিচাইড
ரெஜிசைடுகள்,ৰেজিচাইড
ஆட்சி,শাসন ব্যৱস্থা
ஆட்சி,শাসন ব্যৱস্থা
பிராந்தியம்,অঞ্চল
ஆட்சி ஆண்டு,ৰেগনাল বছৰ
ஆட்சியாளர்,ৰেগনেণ্ট
ரெக்னம்,ৰেগনাম
ரீச்,ৰাইচ
ஆட்சி,ৰাজত্ব কৰক
ஆட்சி,ৰাজত্ব কৰক
ஆட்சி செய்யும் குடும்பம்,ৰাজত্ব কৰা পৰিয়াল
பயங்கர ஆட்சி,আতংকৰ ৰাজত্ব
பயங்கர ஆட்சி,আতংকৰ ৰাজত্ব
வலுவூட்டு,শক্তিশালী কৰক
வலுவூட்டல்,শক্তিবৰ্ধক
மறுசீரமைப்பு,পুনৰ নিযুক্তি
மறு முதலீடு,পুনৰ বিনিয়োগ কৰক
ரிலே இடுகை,ৰিলে পোষ্ট
ரிலே பாதை,ৰিলেৰ পথ
ரிலே அமைப்பு,ৰিলে ব্যৱস্থা
விடுதலை,মুক্তি দিয়া
விடுதலை,মুক্তি দিয়া
துறத்தல்,ত্যাগ
துறத்தல்,ত্যাগ
ரெபர்ட்டரி (=சரக்கு),ৰেপাৰ্টৰী (=ইনভেণ্টৰী)
களஞ்சியம்,ভঁৰাল
களஞ்சியம்,ভঁৰাল
குடியரசு,ৰিপাব্লিক
குடியரசு தினம்,গণৰাজ্য দিৱস
ரெஸ்கிரிப்ட்,পুনৰ লিপিবদ্ধ কৰক
ரெஸ்கிரிப்ட்,পুনৰ লিপিবদ্ধ কৰক
குடியிருப்பாளர்,বাসিন্দা
மறுசீரமைப்பு,পুনৰুদ্ধাৰ
உயிர்த்தெழுதல்,পুনৰুত্থান
உயிர்த்தெழுதல்,পুনৰুত্থান
பின்வாங்கவும்,পশ্চাদপসৰণ
தலைகீழ் (ஒரு நாணயத்தின்),ওলোটা (এটা মুদ্ৰাৰ)
கிளர்ச்சி,বিদ্ৰোহ
புரட்சி,বিপ্লৱ
"புரட்சி, பிரஞ்சு","বিপ্লৱ, ফৰাচী"
புகழ்பெற்ற புரட்சி,বিপ্লৱ গৌৰৱময়
"புரட்சி, தொழில்துறை","বিপ্লৱ, ঔদ্যোগিক"
உயரும்,ৰাইজিং
ரோட்டன்-போரோ,পচি যোৱা-বৰো
ரஃப் ரைடர்ஸ்,ৰাফ ৰাইডাৰ
வட்டத் தலைகள்,ঘূৰণীয়া মূৰ
வழித்தட,ৰাউট
அரச பார்வையாளர்கள்,ৰয়েল দৰ্শক
அரச சாசனம்,ৰয়েল চাৰ্টাৰ
ராயல் க்ரெஸ்ட்,ৰয়েল ক্ৰেষ্ট
ராயல் க்ரெஸ்ட்,ৰয়েল ক্ৰেষ্ট
அரச ஆணை,ৰয়েল ডিক্রী
ரூப்ரிக்,ৰুব্ৰীক
இடிபாடுகள்,ধ্বংসাৱশেষ
ஓடுபவர்,দৌৰবিদ
நாசவேலை,ভেঙুচালি কৰা
சேபர்,ছাবেৰ
சபர்ஸ்,চেব্ৰেছ
தியாகம்,ত্যাগ
தியாகம்,ত্যাগ
தியாகம்,ত্যাগ
பாதுகாப்பான நடத்தை,নিৰাপদ আচৰণ
பாதுகாப்பு,সুৰক্ষা
பாதுகாப்பு,সুৰক্ষা
பாதுகாப்பு கடமைகள்,সুৰক্ষাৰ কৰ্তব্য
சாலி,চেলি
சாலி-போர்ட்,চেলি-পৰ্ট
செங்கோல்,ৰাজদণ্ড
சிமிட்டர்,স্কিমিটাৰ
இரண்டாவது எஸ்டேட்,দ্বিতীয় বাগিচা
பிரிவு,পন্থা
பிரிவு,পন্থা
வலிப்பு,বাজেয়াপ্ত
வலிப்பு,বাজেয়াপ্ত
செனட்,চেনেট
செனட்,চেনেট
செனட்,চেনেট
செனட்,চেনেট
செர்ஃப் (=போர்டார் அல்லது வில்லன்),Serf (=bordar বা villein)
செர்ஃப் (=போர்டார் அல்லது வில்லன்),Serf (=bordar বা villein)
அடிமைத்தனம்,দাসত্ব (serfhood বা serfage)
அடிமைத்தனம்,দাসত্ব (serfhood বা serfage)
நிழல் ராஜா,ছাঁ ৰজা
கப்பல் பணம்,জাহাজৰ ধন
அதிர்ச்சிப் படைகள் (=புயல் படைகள்),শ্বক সৈন্য (=ধুমুহা সৈন্য)
குறுகிய பாராளுமன்றம்,চুটি সংসদ
சண்டை,স্কিমিছ
அடிமை,দাস
அடிமைத்தனம்,দাসত্ব
அடிமைத்தனம்,দাসত্ব
சிப்பாய் அரசியல்வாதி,সৈনিক ৰাষ্ট্ৰনেতা
ஈட்டி,বৰশী
ஈட்டி-தலை,বৰশীৰ মূৰ
கோளம்,গোলক
ஸ்ப்ராஜிஸ்டிக்ஸ்,স্ফ্ৰেজিষ্টিকছ
அமைப்பை கெடுக்கிறது,ব্যৱস্থা নষ্ট কৰে
ஸ்கொயர்,স্কোৱায়াৰ
ஸ்கொயர்,স্কোৱায়াৰ
ஸ்கியர்ச்சி,স্কুয়াৰআৰ্চি
ஸ்கியர்ச்சி,স্কুয়াৰআৰ্চি
தரநிலை,মানদণ্ড
தரநிலை-தாங்கி,ষ্টেণ্ডাৰ্ড-বাহক
நிற்கும் இராணுவம்,থিয় হৈ থকা সেনাবাহিনী
நிலையான ஆணை,ষ্টেণ্ডিং অৰ্ডাৰ
நிலையான ஆணை,ষ্টেণ্ডিং অৰ্ডাৰ
ஸ்டேட்ஸ்மேன்,ৰাষ্ট্ৰনেতা
கல்வெட்டு,শিলৰ শিলালিপি
புயல் படைகள்,ধুমুহাৰ সৈন্য
தந்திரம்,কৌশল
மூலோபாயம்,কৌশল
மூலோபாயம்,কৌশল
மூலோபாயம்,কৌশল
ஸ்ட்ராடோக்ரசி,ষ্ট্ৰেট’ক্ৰেচি
சச்சரவு,বিবাদ
சச்சரவு,বিবাদ
வலுவான பிடிப்பு,শক্তিশালী ধৰি ৰখা
வலுவான பிடிப்பு,শক্তিশালী ধৰি ৰখা
துணைத் தொகை,সহযোগী টেলায়েন্স
அடுத்தடுத்து,উত্তৰাধিকাৰ
வாரிசு,উত্তৰাধিকাৰী
வாக்குரிமை,ভোটাধিকাৰ
வாக்குரிமையாளர்,ভোটাধিকাৰী
சுல்தானகம்,চুলতানত্ব
சுல்தானிய காலம்,চুলতানত্বৰ যুগ
சரணடைதல்,সমৰ্পণ
சுசெரெய்ன்,চুজেৰেইন
சுசெரெய்ன் மாநிலம்,চুজেৰেইন ৰাজ্য
வாள்வீரன்,তৰোৱালধাৰী
தம்மானி சங்கம்,টামমানী ছ&#39;চাইটি
தணிந்த வாள்,টেম্পাৰড তৰোৱাল
வாடகைக்காரர்,ভাড়াতীয়া
வாடகைக்காரர்,ভাড়াতীয়া
பிரதேசம்,অঞ্চল
பிரதேசம்,অঞ্চল
பிரதேச அரசாங்கம்,টেৰিটৰী চৰকাৰ
பயங்கரவாதம்,সন্ত্ৰাসবাদ
மூன்றாம் எஸ்டேட்,তৃতীয় বাগিচা
மூன்று தோட்டங்கள்,তিনিটা বাগিচা
டோல்,টোল
டோல் ஹவுஸ்,টোল হাউচ
கல்லறை,সমাধিস্থল
டோரி,ট&#39;ৰী
டோட்டெம்,টটেম
கோபுரம்,টাৱাৰ
கோபுரம்,টাৱাৰ
வெற்றிக் கோபுரம்,বিজয়ৰ টাৱাৰ
துரோகி,বিশ্বাসঘাতক
துரோகம்,বিশ্বাসঘাতকতা
தேசத்துரோகம்,দেশদ্ৰোহ
ஒப்பந்தம்,সন্ধি
போர் மூலம் சோதனை (=போர் மூலம் தடம்),যুদ্ধৰ দ্বাৰা পৰীক্ষা (=যুদ্ধৰ দ্বাৰা ট্ৰেইল)
அஞ்சலி,শ্ৰদ্ধাঞ্জলি
அஞ்சலி,শ্ৰদ্ধাঞ্জলি
காணிக்கை நிலம்,শ্ৰদ্ধাঞ্জলি ভূমি
மூன்று கூட்டணி,ট্ৰিপল এলায়েন্স
டிரிபிள் entente,ট্ৰিপল এণ্টেণ্ট
வெற்றி,জয়লাভ
வெற்றி,জয়লাভ
கொந்தளிப்பு,অস্থিৰতা
கொடுங்கோல் கொலை,অত্যাচাৰী হত্যা
கொடுங்கோல் கொலை,অত্যাচাৰী হত্যা
கொடுங்கோன்மை,অত্যাচাৰ
கொடுங்கோன்மை,অত্যাচাৰ
கொடுங்கோலன்,অত্যাচাৰী
உஹ்லன்,উহলান
உகாசே,উকাচে
உகாசே,উকাচে
உலமா,উলেমা
அல்டிமேட்டம்,আলটিমেটাম
அல்டிமேட்டம்,আলটিমেটাম
மாமா சாம்,ককাক ছেম
கீழ்-ராஜா,আণ্ডাৰ-কিং
ஐக்கிய அயர்லாந்துக்காரர்கள்,ইউনাইটেড আইৰিছমেন
ஐக்கிய நாடுகள்,যুক্তৰাষ্ট্ৰ
ஐக்கிய மாகாணங்கள்,সংযুক্ত প্ৰভিন্স
ஐக்கிய மாகாணங்கள்,সংযুক্ত প্ৰভিন্স
மதிப்பற்ற கோட்டை,ইউনিভেলেটেড দুৰ্গ
உலகளாவிய மன்னர்,সাৰ্বজনীন ৰজা
உலகளாவிய வாக்குரிமை,সাৰ্বজনীন ভোটাধিকাৰ
எழுச்சி,বিদ্ৰোহ
அபகரிப்பு,দখল কৰা
அபகரிப்பவர்,দখলদাৰী
கற்பனயுலகு,ইউটোপিয়া
வண்டல்,ভাণ্ডাল
காழ்ப்புணர்ச்சி,ভাঙি-ছিঙি পেলোৱা
வான்கார்ட்,ভ্যানগাৰ্ড
வான்கார்ட்,ভ্যানগাৰ্ড
வான்கார்ட்,ভ্যানগাৰ্ড
வரங்கியன்,ভাৰংগিয়ান
வரங்கியன் காவலர்,ভাৰংগিয়ান গাৰ্ড
வாசல்,ভেছাল
வாசல்,ভেছাল
வாசல் மாநிலம்,ভেছাল অৱস্থা
வாடிகன் கவுன்சில்,ভেটিকান কাউন্সিল
கப்பல்,পাত্ৰ
கப்பல்,পাত্ৰ
கப்பல்,পাত্ৰ
துணை ராஜா,উপ-ৰজা
வைஸ்ராய்,ভাইচৰয়
துணைவேந்தர் = துணை அரசு,ভাইচৰয়লিটি=ভাইচৰয়শ্বিপ
விக்டர்,ভিক্টৰ
வெற்றி,বিজয়
வில்லன்,ভিলেইন
பயணம்,জলপথে গমন
பாதிக்கப்படக்கூடிய கோட்டை,দুৰ্বল দুৰ্গ
சுவர் ஓவியம்,ৱাল পেইন্টিং
சுவர் ஓவியம்,ৱাল পেইন্টিং
போர்,যুদ্ধ
போர் ஆண்டவன்,যুদ্ধ-প্ৰভু
போர்வீரன்,যোদ্ধা
போர்வீரன்,যোদ্ধা
போர்வீரன்,যোদ্ধা
போர்க்கப்பல்,যুদ্ধজাহাজ
கண்காணிப்பு வார்த்தை,ৱাচ-ৱৰ্ড
வளர்ந்த மாநிலம்,কল্যাণকামী ৰাষ্ট্ৰ
நலப்பணிகள்,কল্যাণমূলক কাম
விக்,হুইগ
வெள்ளை கொடி,বগা পতাকা
வெள்ளையர்களின் சுமை,বগা মানুহৰ বোজা
உலகப் பேரரசு,বিশ্ব সাম্ৰাজ্য
உலக இயக்கம்,বিশ্ব আন্দোলন
உலக அரசியல்,বিশ্ব ৰাজনীতি
உலக சக்தி,বিশ্ব শক্তি
உலக போர்,বিশ্বযুদ্ধ
வீக்கர்,ৰেকাৰ
சிதைக்கும் திருத்தம்,ধ্বংসাত্মক সংশোধনী
Xenelasis,জেনেলাচিছ
இனவெறி,বিদেশী ঘৃণা
யாங்கி,য়েংকি
மஞ்சள் ஜாக்கெட்,হালধীয়া জেকেট
மஞ்சள் மனிதன்,হালধীয়া মানুহ
மஞ்சள் ஆபத்து,হালধীয়া বিপদ
மஞ்சள் பத்திரிகை,হালধীয়া প্ৰেছ
இளம் துருக்கியர்கள்,যুৱ তুৰ্কী
ஜீயஸ்,জিউছ
சியோனிசம்,জায়নিজম
ஜோராஸ்ட்ரியனிசம்,জৰদস্তি ধৰ্ম
